  0.000000000000000000000000000000000E+0000
  0.875000000000000000000000000000000      
  0.722222235467698888318939983340291      
  0.656250000000000000000000000000000      
  0.620000009536743168503392098500626      
  0.597222225533591388746401662501739      
  0.581632664617227068681870605360018      
  0.570312500000000000000000000000000      
  0.561728404259976045927634421180604      
  0.555000002384185792125848024625157      
  0.549586785233710426658924254959195      
  0.545138889716731180519933748958768      
  0.541420128306693583424109743436230      
  0.538265309011449624313324794197147      
  0.535555566218164238086648272959186      
  0.533203125000000000000000000000000      
  0.531141877947794112391211029944316      
  0.529320989953882900370797494184040      
  0.527700833006248579868263367356313      
  0.526250000596046448031462006156289      
  0.524943320456545910179801950334877      
  0.523760332672063970301094700103435      
  0.522684307624577124189832828634557      
  0.521701389095849461796650103906359      
  0.520799999368190765780539663865056      
  0.519970416692058011240642820474442      
  0.519204391240664797429821069945993      
  0.518494898681433834649759769977858      
  0.517835908470837029500496325242458      
  0.517222224887874392854995401573130      
  0.516649315899294199696104471748244      
  0.516113281250000000000000000000000      
  0.515610659226460452877269992975264      
  0.515138410663419116333096875133138      
  0.514693887507428928310138083190850      
  0.514274691932915169537143817990454      
  0.513878742367616964349551099298817      
  0.513504155619983197598644789207499      
  0.513149254004434877811415884088010      
  0.512812500149011612007865501539072      
  0.512492563564425632814703357237194      
  0.512188211066517429925902868536100      
  0.511898324195760981727007962157332      
  0.511621901349834174393455493207677      
  0.511358034596031094919562261698805      
  0.511105859514839933221371250636900      
  0.510864644423093446308344912939021      
  0.510633680607295698782495859309923      
  0.510412330582880666074271290594833      
  0.510199999842047691445134915966264      
  0.509996165309111369167334911386054      
  0.509800296480706810502468397426303      
  0.509611964087844446696405122806164      
  0.509430727439795828987084897116128      
  0.509256198167308303115998555845388      
  0.509088010384644172948154228208750      
  0.508925825162515819319758155583450      
  0.508769321945295464271675805448546      
  0.508618212684119990830671849425733      
  0.508472222888635264880415517059949      
  0.508331090418105803747541181874261      
  0.508194587039339678956284182453190      
  0.508062494349445135354466825579796      
  0.507934570312500000000000000000000      
  0.507810660673845449143010144510413      
  0.507690543594493901098105377031695      
  0.507574070318886048871700649364307      
  0.507461073254090073200921277606814      
  0.507351396229400576712258184159878      
  0.507244900448285803506105949369141      
  0.507141438822552600222271259256136      
  0.507040895205451014606508176719836      
  0.506943139769968786976776121339019      
  0.506848063970282619465766153203083      
  0.506755556876129574297995539211570      
  0.506665512589206325715450670986085      
  0.506577837129661819347416777111485      
  0.506492441706236924581059099227131      
  0.506409229093795784669473422037217      
  0.506328125037252903001966375384768      
  0.506249047862358744456459349849966      
  0.506171921378911286252456327114176      
  0.506096675989308227903365778970565      
  0.506023243242819833671951907610216      
  0.505951566990065327179132426138608      
  0.505881557793126291943379897516077      
  0.505813184547280994365297005486710      
  0.505746384428367634507454782392828      
  0.505681101594432076642709154560447      
  0.505617286426785551507668343202479      
  0.505554894657256507980811806816420      
  0.505493856183057809392299334398355      
  0.505434153165854750540778297302462      
  0.505375735573858467960064951639011      
  0.505318560286984879656154536881355      
  0.505262586818490591362290631494147      
  0.505207769940750278920822219077844      
  0.505154103053883431824690271628300      
  0.505101520356420667399456617270584      
  0.505049999960511922861283728991566      
  0.504999512164898157576106899910114      
  0.504950021719434705036931767062200      
  0.504901498113519644941343326290713      
  0.504853920274022856471770945510422      
  0.504807266111310377208720987613197      
  0.504761481587998847523157884475126      
  0.504716568746935832970105333519395      
  0.504672496674763772061586039093847      
  0.504629240796696145486734972727820      
  0.504586776814554348506272366234074      
  0.504545084789102654735927212515935      
  0.504504145453303900379895699909330      
  0.504463934578449035813567834831734      
  0.504424438746769305707132521352003      
  0.504385630246146189546628233758418      
  0.504347502900116969516194813431102      
  0.504310039864888810653554525593430      
  0.504273197238826607877159487780162      
  0.504236998910938150498389775933106      
  0.504201389055492149553437212598321      
  0.504166382036380051046932772662865      
  0.504131952932395303395901688911188      
  0.504098089122897895219918449753997      
  0.504064775792092984255200077871362      
  0.504032001053571701121996939676251      
  0.503999750571488267965600833379076      
  0.503968007818452925667420462278592      
  0.503936767578125000000000000000000      
  0.503906015147769059293439656486474      
  0.503875742091538285362675613050680      
  0.503845929962727623548539958701135      
  0.503816575292562869213920283651863      
  0.503787665639111196313801790770211      
  0.503759189221512556994044565326152      
  0.503731139255547065638797995153671      
  0.503703503607640165359053848813468      
  0.503676275051171558986855452381777      
  0.503649443260248694902702227199390      
  0.503623000576195216613156787597757      
  0.503596939397785736590812201628000      
  0.503571248638922075350836482273957      
  0.503545923085919840196412885236569      
  0.503520954986174792510534680324107      
  0.503496334912473864762738155291070      
  0.503472055867225746762926641802802      
  0.503448113709615484415426907047083      
  0.503424499379820475909532083237861      
  0.503401205181759844055630727489960      
  0.503378226312494783765818048483452      
  0.503355555885699060241165551469559      
  0.503333187085364733938133542371782      
  0.503311114989406844586757404588627      
  0.503289343057497664273650569051929      
  0.503267835905792078213477570901248      
  0.503246617489625214294838680711079      
  0.503225674529123333709367338909347      
  0.503205000263033466869028140947402      
  0.503184585754461604395216456775127      
  0.503164432833824329000596117154308      
  0.503144531259313225750491593846192      
  0.503124879557790407080267842221468      
  0.503105471842132895990658047339035      
  0.503086303020360741816992990838576      
  0.503067370588630260587504325680983      
  0.503048669111643831500908575333831      
  0.503030193093712599144516143537822      
  0.503011940315498298354755516419448      
  0.502993906048800196513226072140649      
  0.502976086922218175102814702151023      
  0.502958479982810449441841930064064      
  0.502941076540412086171276582345529      
  0.502923877820374596241658927867391      
  0.502906878968338120533318677930791      
  0.502890077746015650890174826084321      
  0.502873469560365287626932582844473      
  0.502857050652546454081409150143662      
  0.502840817769187748377041163589677      
  0.502824769780630491070789648190674      
  0.502808901638260908173894873538302      
  0.502793210495585276765805974689509      
  0.502777694978502413805475169052960      
  0.502762350037940500621576578077731      
  0.502747169910402851012918410326666      
  0.502732159697938365391553094469154      
  0.502717310850031624935626891944926      
  0.502702624312969063979280595830992      
  0.502688095026137305960091461632308      
  0.502673721127507170181505599611880      
  0.502659501355929926819427076988155      
  0.502645429545430430440354423694023      
  0.502631507070475671478460970436448      
  0.502617730037955981173905991206870      
  0.502604096512324933441492865789515      
  0.502590602279002002719896276418946      
  0.502577261745337002545678158534533      
  0.502564035967552490609233792396871      
  0.502550953474142387460616018150576      
  0.502538006351731429476126780580272      
  0.502525188530608569519658225762989      
  0.502512499990127980715320932247892      
  0.502499938082699691490903050100387      
  0.502487501803600777017789101215152      
  0.502475186814046779116762611115916      
  0.502462995625937107631781961373393      
  0.502450922306456394240953007399099      
  0.502438966761389619973199909242581      
  0.502427127413465060356138770841059      
  0.502415403145428791041019659454529      
  0.502403791181313143088686426737413      
  0.502392292718303784778370723093776      
  0.502380898906892521886803407331655      
  0.502369615680018579805317773005574      
  0.502358437613240364366412376685366      
  0.502347366485799378803273996931250      
  0.502336397654401604841845580114200      
  0.502325531576098350422803917180869      
  0.502314765656502976861386272852542      
  0.502304099189999724445078238594799      
  0.502293529833732478315047401750527      
  0.502283057840002223490204455194882      
  0.502272690671024968891735390092306      
  0.502262397323401789810107929255110      
  0.502252206933509559438538625167211      
  0.502242107791897403666402496405904      
  0.502232099378513701173898375884619      
  0.502222178334877745679055675522093      
  0.502212346744395742038650460713523      
  0.502202600914762501865379621566071      
  0.502192939719230448642175431594529      
  0.502183364083275677821439667135257      
  0.502173872231154390138390557418051      
  0.502164461931925794103186634392258      
  0.502155132699628740910882090108166      
  0.502145886034598271039457007466734      
  0.502136713880362581924391642262242      
  0.502127621343604957054035634656905      
  0.502118605809476019728011826151787      
  0.502109669895801764515353746504285      
  0.502100803266604655506908891441611      
  0.502092013930539704055025969816247      
  0.502083307367340734712240545029245      
  0.502074653360334682183220796471501      
  0.502066080978481825571585992603603      
  0.502057578397033252078483618949109      
  0.502049146574200043739583818330876      
  0.502040782443326099821239775040125      
  0.502032486927573617652645691939098      
  0.502024258464152278321864535596873      
  0.502016096536413009857660282126248      
  0.502008000263392925280499234919063      
  0.501999975735209381429783036536723      
  0.501992001134935559054892271836832      
  0.501984096498802791060833233794100      
  0.501976253923117168424729131317679      
  0.501968483637340913987937481473741      
  0.501960754394531250000000000000000      
  0.501953085533392226485387491163870      
  0.501945496035004280327235883113866      
  0.501937955442916369377202464004777      
  0.501930473984423032879130441724209      
  0.501923047845839449626515970629614      
  0.501915680963964348635226592728719      
  0.501908369949242745686586031097346      
  0.501901113520110414273177040609935      
  0.501893914280178793898221770949982      
  0.501886766033837949454390297316613      
  0.501879673027452985735684631893264      
  0.501872633126273661636570842824075      
  0.501865648111810277093368450408031      
  0.501858710739812692335625424714344      
  0.501851826368456456357093563871433      
  0.501844993548968864869175226909249      
  0.501838220532024190139635047569477      
  0.501831477521916977337954739007853      
  0.501824792999903525203028940974854      
  0.501818157916511449087994397379558      
  0.501811569848641914192980944967228      
  0.501805030719588372498612937906634      
  0.501798538012110310687794775809144      
  0.501792091992303577004845907549857      
  0.501785691354779820256561871229957      
  0.501779336982425554298702028369908      
  0.501773027688816321308969562643851      
  0.501766762461620805119525756520410      
  0.501760541864700337932455502107035      
  0.501754364620669572253507795955153      
  0.501748230761444706558497284568689      
  0.501742139283674021746240094378323      
  0.501736090270987325155558295401508      
  0.501730082932323678070042005278287      
  0.501724116580287590823856201217041      
  0.501718192810965514939473165117935      
  0.501712309184094043503946392214920      
  0.501706464981009540746090503802662      
  0.501700660443038852761499841238332      
  0.501694895890034555608502276467085      
  0.501689169219847586146061757574985      
  0.501683482752620340236756525543682      
  0.501677833933938805141899955045083      
  0.501672222304758098393624721200724      
  0.501666647805066974793444021432928      
  0.501661111340877607325592988241952      
  0.501655611722276058975574942843233      
  0.501650147168404342725636719568209      
  0.501644719130990566729350601308556      
  0.501639329228426703650111988668211      
  0.501633969010640616021048298011644      
  0.501628647288136331241681081037000      
  0.501623359691709858393586432258160      
  0.501618105985309529380161283080996      
  0.501612886256328892015869147228152      
  0.501607700683562884709393116778619      
  0.501602547756416016644626808515679      
  0.501597428409707411303244296383347      
  0.501592350588249346267178651233761      
  0.501587285679121730212728164826693      
  0.501582261632964923856871177129607      
  0.501577271730468660866501230546439      
  0.501572311076591473047660989311296      
  0.501567382814828306437622898461548      
  0.501562484687858747138851622516563      
  0.501557617404975552080625966766547      
  0.501552780141383756577272372068478      
  0.501547972898804828935936116773030      
  0.501543195647406860216133566838109      
  0.501538446920734357233389352004123      
  0.501533728292074224254813353039057      
  0.501529037769108784659071203371465      
  0.501524376038993419595699584510641      
  0.501519743035486715450984719591034      
  0.501515137711169838055561091085334      
  0.501510560321620920870466385282046      
  0.501506010364212607657185438058577      
  0.501501488072886550636593070721628      
  0.501496992942064462778018395621690      
  0.501492524131247668175925565654210      
  0.501488082492918494865365795648565      
  0.501483666700968744959135628200478      
  0.501479276815814222401483915337744      
  0.501474914113349671183989894280722      
  0.501470575465535416533666724401130      
  0.501466263287149805168550139738429      
  0.501461978523017821615001748890549      
  0.501457713641140160688321708711034      
  0.501453475863143654591793246759499      
  0.501449263094685686202693831332409      
  0.501445075020846920763783538108788      
  0.501440910241101613871968993877402      
  0.501436769484457536116845701387965      
  0.501432653104377036192447431425404      
  0.501428561015139928894752615173499      
  0.501424489935863886247625014808643      
  0.501420442822860141642653638600064      
  0.501416419131562473817424132705329      
  0.501412418087424503108840117517698      
  0.501408439636168858722753591822949      
  0.501404493285177041133395834029499      
  0.501400549431911595758557517267257      
  0.501396637894653131944425630920976      
  0.501392747068340763635895938116822      
  0.501388878489213597706974492527594      
  0.501385031479432233285622935909649      
  0.501381205322439897422063400714111      
  0.501377400696298311968580957706246      
  0.501373615059208178706280036934555      
  0.501369852586890330239568400395874      
  0.501366110697428145268203763857562      
  0.501362387750571547869627404052071      
  0.501358685374641394207085585860136      
  0.501355003388183581909582398661907      
  0.501351341481159880261432988844246      
  0.501347699088994954166863159710436      
  0.501344076537045869033173195015002      
  0.501340472954395289056867785194173      
  0.501336889121022489336209719083352      
  0.501333323898898069141121080754034      
  0.501329778350794485771164365468546      
  0.501326251000358143080518144908414      
  0.501322742863786879837921806661971      
  0.501319252123199712873246500660348      
  0.501315780213759636785560114793859      
  0.501312327029399022581657127425866      
  0.501308891482766835535243977701800      
  0.501305474176155661960143164468384      
  0.501302074625504436090388452196132      
  0.501298692521863616780062335618363      
  0.501295328177948472008173134772315      
  0.501291980466657717174819429929479      
  0.501288651650615454558332441667356      
  0.501285341077359891662060565274659      
  0.501282043202724952655115914202731      
  0.501278764093928938978839060344116      
  0.501275501782132518651260518729462      
  0.501272256135033058794088014689928      
  0.501269027456674623940309388889330      
  0.501265814719245988682163008276381      
  0.501262618353882241820697606735311      
  0.501259437836169730319613048903059      
  0.501256273487240075877970545432983      
  0.501253124997531995178830233061973      
  0.501249992316044159195230759553824      
  0.501246875067938604464765563520122      
  0.501243773343134310754399664564134      
  0.501240687332088313066328463422600      
  0.501237616370236332185461677513610      
  0.501234560250309724335840899084398      
  0.501231519067980611872101919545044      
  0.501228494004523492594220000147270      
  0.501225483018985473743782244257241      
  0.501222486674175074169994349410750      
  0.501219505168261127404756328809096      
  0.501216537806852259362232016145597      
  0.501213584990326307809799581316598      
  0.501210646587665781997247253096738      
  0.501207723280374111606483987518890      
  0.501204812324818736221793376402094      
  0.501201916383912988961777577562571      
  0.501199033919730199647769692808755      
  0.501196165273891180312644343615651      
  0.501193311274814041432687918868682      
  0.501190469432534863592172108779186      
  0.501187641788334504879283790221539      
  0.501184827543800563618357754514963      
  0.501182026561514078913593594194790      
  0.501179238981457111336631269120764      
  0.501176463863403987805218117645520      
  0.501173702019710851736819984213485      
  0.501170953770982554981192331008514      
  0.501168218004199610335524245127927      
  0.501165494762437610512786976423899      
  0.501162784227744718605498164619744      
  0.501160086597728291309404682998921      
  0.501157401386345587289615047075594      
  0.501154728280485191219954863144011      
  0.501152067421658033738164771742457      
  0.501149419292912775147966807355122      
  0.501146782336539070842987801264998      
  0.501144158714140882135839476008408      
  0.501141546132704833067307790944493      
  0.501138946278182374054369295616902      
  0.501136357867819371872374156844039      
  0.501133783527484749010264164265158      
  0.501131216102523130129379943116873      
  0.501128662393913510515590045376841      
  0.501126120458225938440642530508261      
  0.501123589849969318110755732524986      
  0.501121070291191924624206191279108      
  0.501118562662260065202314909815762      
  0.501116066094392075843417311578985      
  0.501113580400183980849030149526710      
  0.501111105767660505861454493597209      
  0.501108641928852179782595777287603      
  0.501106189024194483444278961190224      
  0.501103747479050477359882879495562      
  0.501101326212593303793168056370355      
  0.501098895842725713185643151005553      
  0.501096485841423591303281890012898      
  0.501094086458191891636526390649724      
  0.501091698878732751145399342761475      
  0.501089319281688484672751221131640      
  0.501086951710249784966144322231734      
  0.501084593598914138660138764895638      
  0.501082245801758432436244858787031      
  0.501079908586429724387865624115306      
  0.501077580873361607896701947973806      
  0.501075263861602464197677604072106      
  0.501072955663772801185816882073807      
  0.501070659542837601947898439900871      
  0.501068371122504219065650412005988      
  0.501066093363707666757693655246411      
  0.501063825039955595179365783969092      
  0.501061566352850391805881790020159      
  0.501059317999453266192678152320642      
  0.501057077612706557674618990293221      
  0.501054848675563972747218793576221      
  0.501052627557984054574216587886575      
  0.501050415639133385763811130635943      
  0.501048213368952419106852745872955      
  0.501046018055513375239032878052200      
  0.501043836815968259347089825787395      
  0.501041662166289699118365047712293      
  0.501039499041005308159387937087187      
  0.501037340129208305480666406209563      
  0.501035192265703505256549000770768      
  0.501033053047236822051947338515396      
  0.501030923536801526351744234776415      
  0.501028802241386597778176769659779      
  0.501026689681225526134375003097933      
  0.501024585399072848939195959605360      
  0.501022490725182663996120444378637      
  0.501020404034208778514672360166085      
  0.501018325692132337963440025060844      
  0.501016255808825826362978817340886      
  0.501014194606387331538667495859268      
  0.501012141899664801444223754248091      
  0.501010096874102585709498391963734      
  0.501008059499363720638388870499832      
  0.501006032166231766520639970129955      
  0.501004012458132377523859174233821      
  0.501002000065848231320124808729766      
  0.500999995896509555741030749882179      
  0.500998001901929835397286396584380      
  0.500996012137337717941011550523694      
  0.500994032029765635795469099705240      
  0.500992059766256219675831776375915      
  0.500990095270945757053745857855640      
  0.500988138536534686740551036206294      
  0.500986189465031260610119290703436      
  0.500984247886024684926634303174234      
  0.500982316987766601046003978211572      
  0.500980387935710477129500860702474      
  0.500978469848632812500000000000000      
  0.500976559254000971465963855559510      
  0.500974652706305255064926639327932      
  0.500972759142644104336826424987584      
  0.500970870132782077833746955274591      
  0.500968988680327793913360802405787      
  0.500967114343354574969783241483821      
  0.500965247292558856896531957801523      
  0.500963387726874988989013379661821      
  0.500961534541466587949741209191186      
  0.500959689164524996506245850894951      
  0.500957850762473273847177880885773      
  0.500956019477632308532852449708897      
  0.500954195406889361319025572821013      
  0.500952377658413348018604682679280      
  0.500950567039250582266238012760729      
  0.500948763228512452053142745000969      
  0.500946965894532159968835256636617      
  0.500945176683252245644366763492213      
  0.500943392272562528541562816591612      
  0.500941616320489562551567499141183      
  0.500939845938348989057106183669588      
  0.500938083050870737070625277823503      
  0.500936326337487731546731254000211      
  0.500934576192016176603172561452287      
  0.500932833162293048048083853875781      
  0.500931096042822457749178543828773      
  0.500929364780040981264795391797451      
  0.500927640647916136046869319141549      
  0.500925923648287450022286077794429      
  0.500924211204660239550528003513984      
  0.500922506381757352080883611601110      
  0.500920807210771627981999689080253      
  0.500919114554382584109354434142524      
  0.500917430590881505410366637350245      
  0.500915747746308200315134823063771      
  0.500914073760041288130109122708168      
  0.500912405525977905328056718542298      
  0.500910743704521335846211780698259      
  0.500909087884738387515156561760051      
  0.500907438029852499953158019634744      
  0.500905794035145531742245894943248      
  0.500904156000066615732360759707511      
  0.500902524162626587700183674930817      
  0.500900897967666877297315104980255      
  0.500899277525304470109050908775348      
  0.500897663176862703119977367787412      
  0.500896054235767664927427794465788      
  0.500894451569504465679782905458892      
  0.500892854268863587866704643947369      
  0.500891262696346200615741891295034      
  0.500889677256541375152687845736706      
  0.500888096656953906305171960993186      
  0.500886521860951310793456015384420      
  0.500884953035278285274238857092058      
  0.500883389690127684281213408342048      
  0.500881831460475623815092706735736      
  0.500880279488874666494222352579122      
  0.500878731957403154658552472017987      
  0.500877190688302112565671579814011      
  0.500875654092230330126314011925851      
  0.500874123358090664307123259595106      
  0.500872597760047587789450105114298      
  0.500871077330471042875316464564473      
  0.500869562598696283214337801372358      
  0.500868052816881710977654389501160      
  0.500866548519303924714495110182557      
  0.500865049127486139161386495219330      
  0.500863555215839540207165673733365      
  0.500862066335334717154091643616154      
  0.500860582409676708702527624187422      
  0.500859103834346124899135401542059      
  0.500857630394522200652676510457566      
  0.500856171803796168998401874596545      
  0.500854698456433067189979772115163      
  0.500853239836744108657152590116671      
  0.500851786313279596070876367447264      
  0.500850337723352103479975057838759      
  0.500848893924319035224273265394329      
  0.500847455096762613935819600931000      
  0.500846021269805936199422866414068      
  0.500844592015351983867477245741256      
  0.500843167725837317411936314814622      
  0.500841758400900240091402240349551      
  0.500840333775403407206840138097330      
  0.500838923789436569361437176994499      
  0.500837518684153597606545222874983      
  0.500836117801570414170361628656629      
  0.500834722242856191265072846966848      
  0.500833323587949187370256372552540      
  0.500831944343293321771450706354910      
  0.500830562340167617719429809231287      
  0.500829185119987613751928048384991      
  0.500827812356586190783157760166883      
  0.500826444184694427285147861123349      
  0.500825080115995005726782032307077      
  0.500823721002627401470882864102579      
  0.500822365950829951222917353715975      
  0.500821015848321412174140929015663      
  0.500819669686164777046803515146564      
  0.500818329039132819703377670369667      
  0.500816991763903737552718510192247      
  0.500815658376438655633926569616917      
  0.500814330104113775532989316703219      
  0.500813005977878238654576114415094      
  0.500811685997984054537674898187323      
  0.500810370667264034177684633954508      
  0.500809059395247804794265692450374      
  0.500807752302778995248266127221862      
  0.500806449537667355278554716660607      
  0.500805150824532383775671466871347      
  0.500803856459318287489688685207929      
  0.500802566196531746818373920220296      
  0.500801280797333717347008270187603      
  0.500799997961468221413552868263105      
  0.500798720061451995990258925180714      
  0.500797446274401375118804704669085      
  0.500796176166151226469434505983394      
  0.500794913043887733392191488205266      
  0.500793648879960213424462725932207      
  0.500792391040033597110144066523129      
  0.500791137441725371907811654528766      
  0.500789887174802745159801390496913      
  0.500788641389542751181009072428152      
  0.500787399693623454524801408265540      
  0.500786161708882656172319362745637      
  0.500784927298928432525238131340363      
  0.500783697118899298176346428550959      
  0.500782470703707076609405724615387      
  0.500781246611170242617253076698149      
  0.500780029271653160304962126812941      
  0.500778814275156626749868825464623      
  0.500777603109007863175435994797227      
  0.500776395603085816404410793623801      
  0.500775191939370706946175678156439      
  0.500773991745249929469257805668378      
  0.500772795693837009703119831662392      
  0.500771602834686019760725476501736      
  0.500770414296467099669418007094143      
  0.500769229084338048565768794661867      
  0.500768047313005675197917890148270      
  0.500766869200588148314572556558899      
  0.500765695069960452088168170064046      
  0.500764524289375088249758198419610      
  0.500763357003252805920865361818476      
  0.500762193367892772232751424595911      
  0.500761033219474798667921856613982      
  0.500759876270101511377027585825807      
  0.500758723637659557650624967776546      
  0.500757573854873777382731205647476      
  0.500756427932324181568270937423901      
  0.500755295234623794299529366696374      
  0.500754146104501615759785271019307      
  0.500753010132035339618024792707738      
  0.500751877966428527289671734890020      
  0.500750749287587801384863228590742      
  0.500749623515227625683100363488790      
  0.500748501140977452395968422936965      
  0.500747382563874324649728479502437      
  0.500746267032037747242051182649344      
  0.500745154842335726567790915223076      
  0.500744036055702151909882279810281      
  0.500742940504535261698537294609471      
  0.500741838151500630607661606417906      
  0.500740739160449286831499883381480      
  0.500739643539890746649051755971221      
  0.500738550767375384508925551105822      
  0.500737461197246202478203553555585      
  0.500736375587160947207762179452533      
  0.500735292628698811214436069763643      
  0.500734212781339865863621959692658      
  0.500733136316426741283889722590788      
  0.500732062897810843105003032010631      
  0.500730992523727347954237994897622      
  0.500729926117634921876053644219722      
  0.500728860414119771684219356505105      
  0.500727800503308295986033915549852      
  0.500726742664444904998223318125282      
  0.500725687806365623792875847921759      
  0.500724636122360286111758504252317      
  0.500723587449971999585355538757958      
  0.500722541825234737450532673279435      
  0.500721499302762162467602945045929      
  0.500720459736518650147328178875175      
  0.500719422962574254042704892147511      
  0.500718388481220486781956834892335      
  0.500717358560226131880214290676504      
  0.500716330961650574154356377934704      
  0.500715306133237116190969000713494      
  0.500714284455738775281650825191036      
  0.500713265609910338349044279149500      
  0.500712249375694528586390647365269      
  0.500711236120329607925542617338524      
  0.500710226032613289860316634712058      
  0.500709218354440247875252644777495      
  0.500708214294753229827439906015847      
  0.500707212127523386815937954080287      
  0.500706213150450635693219398603659      
  0.500705217197912463805379043463932      
  0.500704223290474518357960560331830      
  0.500703233504547832658216487843378      
  0.500702245919669828048722023879787      
  0.500701263377316669246934392681044      
  0.500700278784808277344913145453152      
  0.500699299369151083297181278758155      
  0.500698322697913001664787265907013      
  0.500697348888705065715911421657821      
  0.500696377686732068973460568904356      
  0.500695408989307413131196206751428      
  0.500694442825422620915458558427383      
  0.500693480010115033775774094046026      
  0.500692529387375002338907183792848      
  0.500691561737261373238532805800617      
  0.500690605364094059760172778237997      
  0.500689653947689864162678384613789      
  0.500688704120869024544050730336181      
  0.500687756767481171398738646019968      
  0.500686811999366794384525865778319      
  0.500685869518226702210816584576105      
  0.500684930466421055853943129765987      
  0.500683993201367391303061499006072      
  0.500683058862450217898703199069338      
  0.500682127129397908251655845596543      
  0.500681197896555463997258519008497      
  0.500680270850686365228276416230409      
  0.500679347264260655695893474297003      
  0.500678424731194223890524783998909      
  0.500677505409178463301623753562431      
  0.500676588684883733315233437503315      
  0.500675674557232824521918476323019      
  0.500674762594009646615223476321574      
  0.500673853597478461234845721458119      
  0.500672946277625082627737295303953      
  0.500672041516530228373455493224823      
  0.500671139777693102647033245134447      
  0.500670240350808882913382558262126      
  0.500669342837529303547639406191592      
  0.500668448460567959563981131426454      
  0.500667555613588955667385763104171      
  0.500666665075482770640264758854794      
  0.500665777783235155583152610614040      
  0.500664899885126636110768970637768      
  0.500664009574436021973295070146977      
  0.500663129012932221014843869394847      
  0.500662250580777366457960224057791      
  0.500661374348898099843137272251236      
  0.500660501019376799115153274884490      
  0.500659629580103422190498423731758      
  0.500658760399220980849890572533508      
  0.500657893642231853585926760336067      
  0.500657029042941221532348033947808      
  0.500656167256276536109905581877528      
  0.500655306888239808001435224264843      
  0.500654459077497432842618543582154      
  0.500653593627871865541774440900646      
  0.500652740805923934749432770493719      
  0.500651889377372248823369124450430      
  0.500651040043156142998711660343116      
  0.500650193981051433697921788373708      
  0.500649348465603581644058808979905      
  0.500648507327357095904860143490083      
  0.500647667280971160933650359146051      
  0.500646829460507789836668606690495      
  0.500645993775945703396574552274828      
  0.500645160065118037541127537894741      
  0.500644328973659148141778373556203      
  0.500643499673579313511048406046659      
  0.500642672332538570002696460231984      
  0.500641848089852793428335654139177      
  0.500641024501281060850278004746837      
  0.500640203895310394174009157578816      
  0.500639385077339399402703143655858      
  0.500638568574502642907975071208478      
  0.500637755927398647902965743472291      
  0.500636941603293943912178997366844      
  0.500636131258654242305794383291843      
  0.500635322917006995662989008748624      
  0.500634516872924323387040498755218      
  0.500633712560371187630646967475497      
  0.500632910279208312998079959652602      
  0.500632110245468062827106408634752      
  0.500631312115651839004076184474299      
  0.500630516049427739296484225361410      
  0.500629722033746504886626686898144      
  0.500628929810801226549752508456920      
  0.500628139732593552874507118102322      
  0.500627351579830069094805919566266      
  0.500626565325183828450801242894422      
  0.500625781249382998794707558265493      
  0.500624999039648918209339919413042      
  0.500624218777265403888583250985713      
  0.500623440315789752119229394528630      
  0.500622664040616491912211291377543      
  0.500621889573680899112312565657904      
  0.500621117033054049152619767257659      
  0.500620346659128621428368429796334      
  0.500619577773616137672522709915056      
  0.500618810865447207121103271685517      
  0.500618046067867725021674061353711      
  0.500617283292119339430844173104595      
  0.500616521835976445862285347923809      
  0.500615762566905516524948155968332      
  0.500615005074120460093332605193386      
  0.500614249510501634325785663399066      
  0.500613496050150480991692254938778      
  0.500612743908205084323152632054313      
  0.500611994226629009022742627078980      
  0.500611255969068633578678209396691      
  0.500610499717324256347376636133175      
  0.500609755502828684471714175479084      
  0.500609012545106644381602707506410      
  0.500608271698766801035730837002542      
  0.500607532509965492025024023453875      
  0.500606795217084832646882452366840      
  0.500606059685838235548091541818253      
  0.500605325904493869904702483185924      
  0.500604594014066203953418093467421      
  0.500603863797919721637800002532606      
  0.500603135639370636335355936638759      
  0.500602408804488364927541949351867      
  0.500601683850435453286217574869754      
  0.500600960866876198948599619877161      
  0.500600239287824770022218974726374      
  0.500599519714159826425748897018925      
  0.500598801542133506849741466264390      
  0.500598085466333994639471701455480      
  0.500597370674081386963602613350213      
  0.500596658492284963299789815243627      
  0.500595946866322557977219598764790      
  0.500595237316615392680538986414408      
  0.500594529472147967679515711280307      
  0.500593823142914416932853686539132      
  0.500593118977889313423612416749698      
  0.500592416372302593413913010685728      
  0.500591715160181819391587074562547      
  0.500591015932281982346266443493379      
  0.500590317961133236709530474020396      
  0.500589621978913051000127097277361      
  0.500588927392423101363569581986073      
  0.500588234560086025501735825167843      
  0.500587543195897945308112041148469      
  0.500586853976543746536953351874023      
  0.500586165551766120428350195116603      
  0.500585479454376673100059284679482      
  0.500584794517511993885484998639979      
  0.500584111433162905934252956940014      
  0.500583429792425193959172436573357      
  0.500582749892211607130316975035432      
  0.500582071365028007279359534803649      
  0.500581394683386000978796031940755      
  0.500580719258792328143253891502964      
  0.500580045551465609481065307665889      
  0.500579373501283924679203022601582      
  0.500578702465115478066286233388908      
  0.500578033949357759409008842600307      
  0.500577366451634844979850830414023      
  0.500576700503301021307292863251440      
  0.500576036236461294265665547478753      
  0.500575373177253588894311307878143      
  0.500574711942762599105347586403882      
  0.500574052070934615805340325691991      
  0.500573393798191303872578973322082      
  0.500572736774066117825163426288790      
  0.500572081671488528349036566706636      
  0.500571427806389101812498681787490      
  0.500570775472149620708785736936131      
  0.500570124574178486171154965959358      
  0.500569475305180948408265657755405      
  0.500568827478636502604501414813317      
  0.500568181106552885263824372322190      
  0.500567536178972983557662700208742      
  0.500566892789611540606870946951737      
  0.500566251311735440646231199437330      
  0.500565610084589181335094731670246      
  0.500564971068520173051532344695697      
  0.500564333265409812096884018290396      
  0.500563697130009909160429042875742      
  0.500563062250750392872871001457707      
  0.500562428990960978992183104537177      
  0.500561796956620584270037082372038      
  0.500561166520788293653249471247839      
  0.500560537513318819663227576100555      
  0.500559909630963529254485552294050      
  0.500559283859811767181488899864716      
  0.500558658522707873443435870311083      
  0.500558035029724937979674846517691      
  0.500557412960123631433014684242185      
  0.500556792225246946258680743845484      
  0.500556172877823772990035315159455      
  0.500555554846051952670099164845899      
  0.500554938304442842651616395017927      
  0.500554323012383868961222926765536      
  0.500553709154779416627064873525440      
  0.500553096696264062321761322032521      
  0.500552485445894095474756274513891      
  0.500551876070959658753359404347772      
  0.500551267266238390265080852032481      
  0.500550660077206951824598551660136      
  0.500550056827873600673566739367314      
  0.500549449875273742418078905033876      
  0.500548846767698972156059910558406      
  0.500548244823510466575344348832814      
  0.500547644436285875943982398104975      
  0.500547045300153720026906845807663      
  0.500546447378740112647122864037977      
  0.500545850909031308752440874299086      
  0.500545255874367283646916284492112      
  0.500544661621233152407350833367138      
  0.500544068950856903776883457456823      
  0.500543477525905701016608684029851      
  0.500542887602182836697067533920189      
  0.500542299074416240687763160838205      
  0.500541711170291305227805253994472      
  0.500541124856365345271852334968338      
  0.500540539852167469880119530031531      
  0.500539956163258951810709191306718      
  0.500539373698331569028000888787448      
  0.500538792559702117385493668588120      
  0.500538212422641477242992691294527      
  0.500537633835367566846316648628194      
  0.500537056308748255534397941790559      
  0.500536480022297886995846565092760      
  0.500535904868833992587674777263634      
  0.500535331123126252317037828752725      
  0.500534758902803417580991703992312      
  0.500534187467966575141423068583552      
  0.500533617300881918305858231999365      
  0.500533048563881703687432184078730      
  0.500532480787735427327721286152029      
  0.500531914309598693763922953880966      
  0.500531349041305246990170533041105      
  0.500530785079006411357081494725980      
  0.500530222096687174222656888183006      
  0.500529661499557912421557086103517      
  0.500529100112971138958317529623501      
  0.500528540521467029158847796308342      
  0.500527982483345415789962764450942      
  0.500527425300114565607067923367659      
  0.500526870063627835292067856288791      
  0.500526315121040376697500565188092      
  0.500525761931512820366243222601896      
  0.500525209250373031706481396178056      
  0.500524658417120872646403516411606      
  0.500524108552169892607678707960128      
  0.500523559618388732391775947974515      
  0.500523012115017243815525799694300      
  0.500522464847907571367169492999480      
  0.500521920519247764598933184620448      
  0.500521375870658731503439123113515      
  0.500520832900010911389687662707480      
  0.500520290801447684654851137187948      
  0.500519749420420361948257730674558      
  0.500519210859836389280510884686735      
  0.500518671769268550522748804902715      
  0.500518134204144726473686270289451      
  0.500517597784365792871016622809892      
  0.500517062529235793669509151019138      
  0.500516528313811490509962173532667      
  0.500515995220572092110924978958746      
  0.500515463325422628391143126665182      
  0.500514932530290916567359927006861      
  0.500514402726500524344178611744571      
  0.500513874071640283941464110279421      
  0.500513346890768159933511825340555      
  0.500512819961289988090970799954811      
  0.500512294519990480361429373874321      
  0.500511770071649602827846024666166      
  0.500511246962354990729807336706518      
  0.500510724722111992529642355992619      
  0.500510203523185938180138503220918      
  0.500509683493277245545165035051705      
  0.500509164244639095270632675016649      
  0.500508646463683490994925046915618      
  0.500508129463525245493420388383845      
  0.500507613647946821702306570460982      
  0.500507098711638237661718920923072      
  0.500506585088843796447419910402064      
  0.500506072407149600255006931910285      
  0.500505560727441452886308463814548      
  0.500505049937674705079703117868703      
  0.500504540347557904491890727023192      
  0.500504031979496243282567113170064      
  0.500503523929166885894003656256749      
  0.500503017501338549880815895809728      
  0.500502512057622198658272442331686      
  0.500502007673292640940393636725540      
  0.500501504116537102396996857686712      
  0.500501001428223258561007678805253      
  0.500500500016462057830031202182441      
