  0.000000000000000000000000000000000E+0000
  0.874999970197677612304687500000000      
  0.722222258647282918294270833333333      
  0.656249985098838806152343750000000      
  0.620000010728836059570312500000000      
  0.597222228844960530598958333333333      
  0.581632667354175022670200892857143      
  0.570312524214386940002441406250000      
  0.561728409594959682888454861111111      
  0.554999997466802597045898437500000      
  0.549586791206489909778941761363636      
  0.545138897374272346496582031250000      
  0.541420139372348785400390625000000      
  0.538265327257769448416573660714286      
  0.535555580258369445800781250000000      
  0.533203142229467630386352539062500      
  0.531141896458233104032628676470588      
  0.529321000186933411492241753472222      
  0.527700840250441902562191611842105      
  0.526250016316771507263183593750000      
  0.524943332941759200323195684523810      
  0.523760348219763148914683948863636      
  0.522684325504562129145083220108696      
  0.521701407153159379959106445312500      
  0.520800027251243591308593750000000      
  0.519970439517727264991173377403846      
  0.519204403929136417530201099537037      
  0.518494920539004462105887276785714      
  0.517835930375189616762358566810345      
  0.517222249632080396016438802083333      
  0.516649339227907119258757560483871      
  0.516113307094201445579528808593750      
  0.515610689184430873755252722537879      
  0.515138435944476548363180721507353      
  0.514693915418216160365513392857143      
  0.514274720826910601721869574652778      
  0.513878767655507938281909839527027      
  0.513504185174640856291118421052632      
  0.513149283874111297803047375801282      
  0.512812533881515264511108398437500      
  0.512492594150144879410906535823171      
  0.512188244788419632684616815476190      
  0.511898356554813163225040879360465      
  0.511621938510374589399857954545455      
  0.511358070456319385104709201388889      
  0.511105898484263731085735818614130      
  0.510864680672579623283223902925532      
  0.510633719619363546371459960937500      
  0.510412368619320343951789700255102      
  0.510200039148330688476562500000000      
  0.509996206810077031453450520833333      
  0.509800341410132554861215444711538      
  0.509612004887664093161528965212264      
  0.509430769451514438346580222800926      
  0.509256241978569464250044389204545      
  0.509088054631969758442470005580357      
  0.508925860518949073657654879385965      
  0.508769364288911737244704674030172      
  0.508618259865601184004444186970339      
  0.508472270301232735315958658854167      
  0.508331136747461850525902920081967      
  0.508194634150112828900737147177419      
  0.508062534921226047334216889880952      
  0.507934623514302074909210205078125      
  0.507810711488127708435058593750000      
  0.507690593515607443722811612215909      
  0.507574122718799470075920446595149      
  0.507461126387009725851171156939338      
  0.507351448894410893536996150362319      
  0.507244955721710409436907087053571      
  0.507141494874278424491345042913732      
  0.507040948852793210082583957248264      
  0.506943196300672341699469579409247      
  0.506848122244952498255549250422297      
  0.506755614678064982096354166666667      
  0.506665573663715469209771407277961      
  0.506577896377579732374711470170455      
  0.506492501387420373085217598157051      
  0.506409289645431916924971568433544      
  0.506328188034240156412124633789063      
  0.506249109880975735040358555169753      
  0.506171977579048494013344369283537      
  0.506096736023045447935540992093374      
  0.506023306732199021748134068080357      
  0.505951636240762822768267463235294      
  0.505881625065190154452656590661337      
  0.505813250350284165349499932650862      
  0.505746452053162184628573330965909      
  0.505681167911277728134326720505618      
  0.505617353527082337273491753472222      
  0.505554963548022967118483323317308      
  0.505493926592981037886246390964674      
  0.505434227105911060046124201948925      
  0.505375806608811971989083797373670      
  0.505318632761114522030479029605263      
  0.505262662782721842328707377115885      
  0.505207846133211224349503664626289      
  0.505154177651037367022767358896684      
  0.505101596908361622781464547821970      
  0.505050078593194484710693359375000      
  0.504999591092957128392587793935644      
  0.504950099989917932772168926164216      
  0.504901576787233352661132812500000      
  0.504853999286961670105273907001202      
  0.504807347165686743600027901785714      
  0.504761562946270096976802034198113      
  0.504716650321731500536481910776869      
  0.504672579769114101374590838396991      
  0.504629324967844770589006056479358      
  0.504586861545050686055963689630682      
  0.504545168305101158382656337978604      
  0.504504232110256063086645943777902      
  0.504464020969065944705389242256637      
  0.504424525253278644461380807976974      
  0.504385716087468292402184527853261      
  0.504347591917833377575052195581897      
  0.504310129162592765612479967948718      
  0.504273288251863697827872583421610      
  0.504237087075637669122519613314076      
  0.504201481475805242856343587239583      
  0.504166473619147273134594121255165      
  0.504132046020727177135279921234631      
  0.504098183596582432103350879700203      
  0.504064869158150207611822312878024      
  0.504032096363604068756103515625000      
  0.503999846943077586946033296130952      
  0.503968104170122015194630059670276      
  0.503936865694413427263498306274414      
  0.503906114279588525609452595082364      
  0.503875842547187438377967247596154      
  0.503846030362405394779816838621183      
  0.503816677342084321108731356534091      
  0.503787770499720385200098941200658      
  0.503759292996863820659580515391791      
  0.503731242422428396013047960069444      
  0.503703608225538011859445010914522      
  0.503676379368008270750950722798814      
  0.503649549015487233797709147135417      
  0.503623105833481112830072855777878      
  0.503597042659696723733629499162946      
  0.503571356369301359704200257646277      
  0.503546031762544118182759889414613      
  0.503521064742487835717367959189248      
  0.503496445004000431961483425564236      
  0.503472169755219385541718581627155      
  0.503448225879939655735068125267551      
  0.503424611788395108008871273118622      
  0.503401318225204139142423062711149      
  0.503378340886943292297772913171141      
  0.503355670164649685223897298177083      
  0.503333302427527328200687635813328      
  0.503311231649652319519143355520148      
  0.503289461081080576952765969669118      
  0.503267952906233923775809151785714      
  0.503246735592162416827294134324597      
  0.503225793488896810091458834134615      
  0.503205119279231045656143480045780      
  0.503184707213452533830570269234573      
  0.503164553786364366423408940153302      
  0.503144655495998449623584747314453      
  0.503125006237547405017829089431289      
  0.503105595331340108388735924238040      
  0.503086426701008176511050733320552      
  0.503067495003229052555270311309070      
  0.503048793350656827290852864583333      
  0.503030319945011512342705784073795      
  0.503012066026647647697768525449102      
  0.502994034428238159134274437313988      
  0.502976215758619929206441845414201      
  0.502958609511637512375326717601103      
  0.502941206097602844238281250000000      
  0.502924009293945896071056986964026      
  0.502907011491068870345981134844653      
  0.502890210376581412622298317394037      
  0.502873602991125413349696568080357      
  0.502857180500127883120016618208452      
  0.502840950921977643912794899805791      
  0.502824904891568120945705456680126      
  0.502809037030388356587074322407472      
  0.502793348042501343621148003472222      
  0.502777832390442078943410631042818      
  0.502762489703964892324510511461195      
  0.502747310434921028835525929602118      
  0.502732300779114112905834032141644      
  0.502717453384822284853136217271959      
  0.502702767950712993580807921706989      
  0.502688237555564087342450962984626      
  0.502673866514592094624296147772606      
  0.502659647166236210121679558325066      
  0.502645575130162270445572702508224      
  0.502631652480995779886295658131545      
  0.502617875768919475376605987548828      
  0.502604245640086540904069811568977      
  0.502590751080994599873257666519008      
  0.502577411918303905389247796474359      
  0.502564185902438297563669632892219      
  0.502551103892457212893490863935596      
  0.502538158426606895947697186710859      
  0.502525342087818300304700381791771      
  0.502512656203471124172210693359375      
  0.502500089427539661749085383628731      
  0.502487657748457818928331431775990      
  0.502475342314158167157854352678571      
  0.502463151646011015948127297794118      
  0.502451078973074511783878977705793      
  0.502439124808077094624343427639563      
  0.502427285822819252520943609412742      
  0.502415563190320076850744394155649      
  0.502403951775835176404013017718301      
  0.502392453374341130256652832031250      
  0.502381061214812417730900913618187      
  0.502369778516333339349278863870873      
  0.502358600737728143521877521640258      
  0.502347529672138462556856814945970      
  0.502336562524528004402338072311047      
  0.502325696592581354909472995334201      
  0.502314932260250303602438368555588      
  0.502304266963085723579476732726491      
  0.502293698251519573333600884703196      
  0.502283225570466708053242076526989      
  0.502272860977242435265450456023756      
  0.502262568346702971973934689083615      
  0.502252377323271715052993842839126      
  0.502242280916626831250531332833426      
  0.502232271149340603086683485243056      
  0.502222352877539475407220621024613      
  0.502212520036436125045305831841960      
  0.502202776268843496054933782209430      
  0.502193114884994826462591579387282      
  0.502183540687774834425553031589674      
  0.502174049577558840508068794811959      
  0.502164640632490145749059216729526      
  0.502155312352969666918971507846030      
  0.502146066709732015927632649739583      
  0.502136893617980023647876496010638      
  0.502127803248448013249090162374206      
  0.502118788317694694181031818631329      
  0.502109852198808759200472791655725      
  0.502100987241030612251249816128400      
  0.502092198323225602507591247558594      
  0.502083493298097393819405330167272      
  0.502074839637714846075073746610279      
  0.502066267824850577876401045685442      
  0.502057766371986782941661897252818      
  0.502049334415671776752082669005102      
  0.502040971106493739577812877127795      
  0.502032677501605951834304130029099      
  0.502024450590984234886784707346270      
  0.502016287932853143377955180095381      
  0.502008191512897610664367675781250      
  0.502000170201434200978374101251245      
  0.501992195556383757364182245163690      
  0.501984293526590695023065499166255      
  0.501976449746550537469818836122047      
  0.501968675470162256091248755361520      
  0.501960954979949747212231159210205      
  0.501953287124416359667648137311527      
  0.501945695522161879280740900557171      
  0.501938158586894568329151993092423      
  0.501930676444541089809857881986178      
  0.501923251685675704616239701194325      
  0.501915885503439389112341494960639      
  0.501908574887186628784063651081274      
  0.501901318722185819889559890284683      
  0.501894120333435119323010714548939      
  0.501886973206542040172376130756579      
  0.501879880728011720635917749297753      
  0.501872841524196538462567685255364      
  0.501865858163643060563665340381041      
  0.501858921726751658651563856336806      
  0.501852037757978778043796215550046      
  0.501845205924302503904875587014591      
  0.501838433633016033487005548162775      
  0.501831690966063281045342883924498      
  0.501825007261200384660200639204545      
  0.501818373553839552661646967348845      
  0.501811786049586932581684649636169      
  0.501805247460063144886236396624888      
  0.501798755225581934802421104950717      
  0.501792311599378341010638645717076      
  0.501785910979171823776489475019462      
  0.501779557154546921134840512106605      
  0.501773247631042932453088120099934      
  0.501766985185562409985233360612896      
  0.501760764402876559056733783922697      
  0.501754588807340372692454944957386      
  0.501748455452281683164191162960039      
  0.501742364755450075285302268134223      
  0.501736315583591075504527372472426      
  0.501730309784059123746280012459590      
  0.501724344781436717387327213877255      
  0.501718422140422187847633884377676      
  0.501712538991695581442666948858788      
  0.501706695767772086218100826756484      
  0.501700891244177848605786339711335      
  0.501695127622067072504275553935283      
  0.501689402958039533008228648792614      
  0.501683715897324751287498730141045      
  0.501678069357302376259130777722617      
  0.501672457577660679817199707031250      
  0.501666884360358465549557708030523      
  0.501661349069450469995966020798841      
  0.501655848792880134220563932613965      
  0.501650386614767883561159435071443      
  0.501644959540457510557331022669057      
  0.501639569672798506574693068959355      
  0.501634210772836635477768093444625      
  0.501628889538220722566951404918324      
  0.501623604233409835682717727611752      
  0.501618351432825288464946131552419      
  0.501613131525905329698151714165494      
  0.501607947441814944912225772172977      
  0.501602795300112602809747567953774      
  0.501597676790248199253325249738754      
  0.501592599366244579118395608568948      
  0.501587536695849480508249017256725      
  0.501582512729698410169559322321077      
  0.501577522820916097119169415168042      
  0.501572562896918073343259040091105      
  0.501567636724939802661538124084473      
  0.501562738352284021095323414074669      
  0.501557872284302106184989028835889      
  0.501553035939498674758816651146478      
  0.501548231538402399531117192021123      
  0.501543452828549421750582181490385      
  0.501538707145512606834341411941622      
  0.501533988453818069320935357236716      
  0.501529298239336462645995907667207      
  0.501524637861596278868910027130034      
  0.501520007754196271751866196141098      
  0.501515400980731466745681993190616      
  0.501510825330750590347381959478539      
  0.501506274941519976736189008833052      
  0.501501753542873406124686052699289      
  0.501497260387291881575513241895989      
  0.501492791766871786898090725853330      
  0.501488351942252820960138247345605      
  0.501483937321759804466066981208395      
  0.501479547412428664246843276122327      
  0.501475186448078602552413940429688      
  0.501470848801204404872883100313875      
  0.501466537884311282146743863646747      
  0.501462253261324963138680416362974      
  0.501457989303162321448326110839844      
  0.501453752423623117847719054291214      
  0.501449541237899721357863762475163      
  0.501445353983281454023091868639679      
  0.501441190262116363336300027781519      
  0.501437050460525561540379565219825      
  0.501432934165267007691519601004464      
  0.501428843242384259857003845040954      
  0.501424773243012499402869831431996      
  0.501420726419872374777753359872964      
  0.501416704859479335741808185469633      
  0.501412703683206313092943648217430      
  0.501408727357577365101053473654758      
  0.501404781265612117716578208431810      
  0.501400838423957371844925693959497      
  0.501396929084460839919725168382225      
  0.501393038789845175213283962673611      
  0.501389169970713039844650310822801      
  0.501385324796049428578898392988173      
  0.501381500840274304069434972505596      
  0.501377697380970917887740082793183      
  0.501373912704062380202829021297089      
  0.501370151182433050838324541602630      
  0.501366410352421635178194383834298      
  0.501362687844211114165575607963230      
  0.501358988064500253374983624714177      
  0.501355306761389648592149889146959      
  0.501351644900675130018969430435057      
  0.501348003874012138894809189663138      
  0.501344382877763730271572082355898      
  0.501340779647689292775118414730949      
  0.501337198029582699139912923177083      
  0.501333632723780031850997437822058      
  0.501330088869735242833509369301227      
  0.501326561874645964178458723441634      
  0.501323053980673759153461707927935      
  0.501319565847025890099374871504934      
  0.501316094775305293363536123841453      
  0.501312641824927200509615593555710      
  0.501309207666120625662741399620594      
  0.501305791548171934361259142557780      
  0.501302392224406267141366933847403      
  0.501299012189373914441914138398640      
  0.501295647661512096722920735677083      
  0.501292302418432976167226575084568      
  0.501288974133336911777604208507391      
  0.501285664501408926951579558543670      
  0.501282367886275129245065362252238      
  0.501279090543049482666716283681441      
  0.501275828078569270878954394779739      
  0.501272584106016733924749538983185      
  0.501269356734296189078801794897152      
  0.501266144749924841553273827138573      
  0.501262950115679981426267840099575      
  0.501259770842816624509629292703753      
  0.501256606790160102055485087229793      
  0.501253459745203144848346710205078      
  0.501250327980503477063262254519950      
  0.501247211991906610887442062150187      
  0.501244110999300743155088968963244      
  0.501241026579927985030825775448639      
  0.501237956098752257264690634645062      
  0.501234901515569703038690125413716      
  0.501231861637713026063155190657632      
  0.501228836915163578940372841030944      
  0.501225826732386222387001392019407      
  0.501222832489577008456718630907012      
  0.501219851440702476640687371692518      
  0.501216886220929366581648298837606      
  0.501213934100018791655939947317645      
  0.501210997099898179660096836550800      
  0.501208074461017926055264760212726      
  0.501205165227404974687557954054612      
  0.501202269874365745688513886156700      
  0.501199388776295350499130322031998      
  0.501196520995939937297939400684293      
  0.501193669013169017576035999116443      
  0.501190828085896910794273974493394      
  0.501188001741646343215381929659730      
  0.501185188454137696723847806312795      
  0.501182388267172324769901779462706      
  0.501179601012674324652727912454044      
  0.501176827435792716735965209387837      
  0.501174067215780254270209640753074      
  0.501171320155110627969848775418005      
  0.501168585733004730620306410711684      
  0.501165863869408535402874613917151      
  0.501163155027922337956882131625217      
  0.501160458760245496200190650092231      
  0.501157773750044801218680366357535      
  0.501155102793406265946577221567180      
  0.501152441476139871553442944055316      
  0.501149795386607015351636694111955      
  0.501147160471738816944358005130864      
  0.501144536944174263030971021957049      
  0.501141926050949884167021662336276      
  0.501139328057285059582103382457386      
  0.501136740654297257496926789921698      
  0.501134167695565494746644033026372      
  0.501131601528628281492142860292043      
  0.501129049503114410080351271070876      
  0.501126508384922079825669192196278      
  0.501123978651437758062987049598865      
  0.501121460883596899525431178560193      
  0.501118954034609487280249595642090      
  0.501116459664965425939496216635927      
  0.501113974533768163786994086371528      
  0.501111500837660483404696648506790      
  0.501109039047794762702114814150650      
  0.501106587070539988429341095172806      
  0.501104146695494783082197416196311      
  0.501101727174226563055436689775069      
  0.501099298301708410706436424924616      
  0.501096889504009380904016139992478      
  0.501094491342509645301702241189615      
  0.501092104928076981459308034194581      
  0.501089726931051067684007727581522      
  0.501087360737598834482552948329040      
  0.501085003815768730072748093377976      
  0.501082657405414636655193683138161      
  0.501080321587104318213873896105536      
  0.501077995497372842604114163306452      
  0.501075680157301603724516512498324      
  0.501073373266749036133416970230527      
  0.501071078361521482977092775524172      
  0.501068790945143047680478614530584      
  0.501066515226154885393507937167553      
  0.501064247930730888797978686678941      
  0.501061990760933702527466466871359      
  0.501059743623991534271401532356633      
  0.501057505281936801687071595010878      
  0.501055276875727270778856779399671      
  0.501053057925016501871477656003808      
  0.501050847229612229755089717840998      
  0.501048645561377841309024699063481      
  0.501046452910925158628093424818959      
  0.501044273134417987118164698282878      
  0.501042098485576201873113112737136      
  0.501039937953947737998487543762967      
  0.501037780968202412992283917855525      
  0.501035634326279040210503191987345      
  0.501033495770786533650663710132088      
  0.501031368857809177642005951806842      
  0.501029249058378519953153950967338      
  0.501027136856926696710899227955302      
  0.501025035126031907789546287864264      
  0.501022942394151219299861363002232      
  0.501020856857937125227359064727597      
  0.501018778965675945931333836501207      
  0.501016711401535881943925157280046      
  0.501014652079902589321136474609375      
  0.501012598720821316796119767005997      
  0.501010555783831213991488179852886      
  0.501008520706255041377645143320863      
  0.501006494704484341134986724240713      
  0.501004474682225761767140849080974      
  0.501002464717719703912734985351563      
  0.501000462200756588143978766100611      
  0.500998469052439280952590395254918      
  0.500996479489164756496194342732666      
  0.500994501390590495060360620892237      
  0.500992530959169610892191971882735      
  0.500990567936400032561758290166440      
  0.500988609939115581192678718642135      
  0.500986663549478481135030431071604      
  0.500984723330246676162090189096267      
  0.500982792372815310955047607421875      
  0.500980863148991725682745707711595      
  0.500978948871306783985346555709839      
  0.500977040489284107443417257268062      
  0.500975133846414271843572534939658      
  0.500973240026833435285438611669448      
  0.500971352754164371610611908195555      
  0.500969472345292597029149186449770      
  0.500967599467273700881648708034206      
  0.500965730577163570533598089493768      
  0.500963872974478782942661872276893      
  0.500962022171336120698822665809441      
  0.500960177997746272904662793623533      
  0.500958336794118523369783653127988      
  0.500956507682274202354081714426288      
  0.500954685150202186334700811476934      
  0.500952869080920693085674097329491      
  0.500951054446802137020190707646466      
  0.500949253226281143724918365478516      
  0.500947458080864654033531088008772      
  0.500945670562488782518314865400206      
  0.500943886722559056713082696084922      
  0.500942107507542363907161511872944      
  0.500940339382926585750329337916276      
  0.500938578432056118040049120727996      
  0.500936823075193319922295686240508      
  0.500935068612904357376383311712920      
  0.500933327744853660270044479512192      
  0.500931592855505562183139049430762      
  0.500929863332746574630985012302151      
  0.500928139600350900932594581886574      
  0.500926418360555114124707065095743      
  0.500924708325771539303649395594298      
  0.500923005215271374358217580103303      
  0.500921307805744136738426545087029      
  0.500919608698320498160266001290138      
  0.500917927306375701676358233441363      
  0.500916247050085494897483253827697      
  0.500914574720782914409672256803861      
  0.500912907990102803772264491013490      
  0.500911239916035397486253218217330      
  0.500909586406410916855460719058388      
  0.500907938474826379746630571890568      
  0.500906296346798054132927175456318      
  0.500904660126646570457878525937077      
  0.500903021049610263592488056904561      
  0.500901397552153618215656966614209      
  0.500899778658321839581700158932479      
  0.500898166605326477237927016391549      
  0.500896559275765045277761005544918      
  0.500894948714371171912976673671177      
  0.500893353799577145015492158777574      
  0.500891764551107821409388369088495      
  0.500890180633153574504818416615786      
  0.500888601745724849772791490487173      
  0.500887027921245754820055666223036      
  0.500885452318676605873310102590824      
  0.500883890905153052306469575858410      
  0.500882334772310495166711404289998      
  0.500880784612895367644164180923221      
  0.500879238950488925503011335406387      
  0.500877689172826942232569545872783      
  0.500876154915642944145035910439658      
  0.500874626189169602348334294131081      
  0.500873102184274730366696879423454      
  0.500871583564085480959519096042799      
  0.500870069630157862169047196706136      
  0.500868551842456738395128960832566      
  0.500867049218837017109649816598859      
  0.500865552510458184647436586686367      
  0.500864059930257820363702445194639      
  0.500862572757325258599706442959337      
  0.500861089793233924202902620191017      
  0.500859602511018565752085036315394      
  0.500858131444882218764252858619167      
  0.500856674936377148852389082949386      
  0.500855202968399208865474922258292      
  0.500853745905393686976912074438352      
  0.500852292994960673710926860368171      
  0.500850836269862646259152423748541      
  0.500849394153772016703072240797140      
  0.500847957322339317721965550972927      
  0.500846525092374822879965240890915      
  0.500845097376011676370192941083474      
  0.500843674202194054821123579134443      
  0.500842255256099610769448160123424      
  0.500840832560359119068856207316354      
  0.500839424409460544686021916630679      
  0.500838021284053382466868014638639      
  0.500836622063809063577890794145842      
  0.500835227407515048980712890625000      
  0.500833817916889729198322518296329      
  0.500832440964320668350422501167982      
  0.500831060843414026212138718435816      
  0.500829685434879463733426782469086      
  0.500828314400162578614290095557851      
  0.500826947969844005387214937619250      
  0.500825585114280194584188194212057      
  0.500824214653364738057318486665425      
  0.500822861375530328363033351052571      
  0.500821513589471578598022460937500      
  0.500820168759483301405430620508771      
  0.500818829944477495706938450632532      
  0.500817494302817892289278363325856      
  0.500816161132262904403264048821763      
  0.500814822158677791192279598577236      
  0.500813499823675261108906238110035      
  0.500812182250293801920533759860591      
  0.500810868462809876909533750663683      
  0.500809558850422694147692358358996      
  0.500808252956184949125013043803553      
  0.500806950576919852343542372354947      
  0.500805640857070804217237368273965      
  0.500804348313025412647528977493605      
  0.500803059878541180529655554355719      
  0.500801776029914617538452148437500      
  0.500800494805905230033892793015550      
  0.500799218286274437699021334853469      
  0.500797945405260191126993507336659      
  0.500796662888227590316808849146711      
  0.500795401371682861021586826869420      
  0.500794139086850365349305601769884      
  0.500792883186051445199718958214868      
  0.500791630984834243806805844178885      
  0.500790382186773494591096222212638      
  0.500789137563932188383237583430733      
  0.500787882360376405922121971658191      
  0.500786646248244942170297332236681      
  0.500785413759083233096382834694602      
  0.500784185392736910561067584161654      
  0.500782960554533929098397493362427      
  0.500781737960288054113640986069130      
  0.500780521839424805292087923329196      
  0.500779307963367128631746045909069      
  0.500778082893042021101305943838558      
  0.500776877378965475300485773604046      
  0.500775675364840637327347746574473      
  0.500774476572639457132937919227565      
  0.500773282484316703989917849317009      
  0.500772091008303758727016360807492      
  0.500770903859968082262919499323918      
  0.500769719667446595000048753120200      
  0.500768523277969105294877034754841      
  0.500767347056477132380282532018688      
  0.500766174546450046133193036467293      
  0.500765005469976263191863780713263      
  0.500763839747644563364546473433332      
  0.500762677416056564681606205631064      
  0.500761518779452776926991425024340      
  0.500760363153964902906027115169172      
  0.500759210806008371891397418397846      
  0.500758046864633379382914025195608      
  0.500756902578343099877913552828786      
  0.500755771874663663036323420782075      
  0.500754624134257817304277994546546      
  0.500753489289873916851846795333059      
  0.500752359008844438436869028452280      
  0.500751231688652829877261457772090      
  0.500750106782025049724978601147315      
  0.500748968627672748269877982602882      
  0.500747851907352068975790223078941      
  0.500746737901904188573982250139717      
  0.500745627361452317840996242704846      
  0.500744510273882264013984759530554      
  0.500743416089112718398917676433258      
  0.500742315029621952109866672092014      
  0.500741217299171629742052428115754      
  0.500740122745787529508683670922960      
  0.500739030057157782678407202076420      
  0.500737925431628016115815017992337      
  0.500736841306549168246633866254021      
  0.500735760071190421451731050242061      
  0.500734681717790608619315183756988      
  0.500733606926728678133616859357842      
  0.500732534857261217912735297665959      
  0.500731465599608410448923598240762      
  0.500730400388101903238379920536853      
  0.500729335679569630036361005802516      
  0.500728258871890301274698834086573      
  0.500727203080034578227166340555266      
  0.500726149633587540491767551587976      
  0.500725099561849201984929969445324      
  0.500724052278542988045367202317784      
  0.500723007861135089380228502237780      
  0.500721966695296779403768973666584      
  0.500720928259120195460834091515850      
  0.500719892574124969542026519775391      
  0.500718858804877104512930258445794      
  0.500717811581657340157681003341019      
  0.500716785803032194254906562947067      
  0.500715762423351407051086425781250      
  0.500714742085835318507549596070903      
  0.500713724689757148934225750784589      
  0.500712710067068106080186824879979      
  0.500711697867452378638766028664329      
  0.500710689230220960387101410128546      
  0.500709682693454323510610348104417      
  0.500708679688858629706219534219745      
  0.500707659163343914821323028392037      
  0.500706661991907706633945782530963      
  0.500705667317215300781626096913512      
  0.500704674783415578923983245291623      
  0.500703686425459749075803863868285      
  0.500702700245084416063771508686339      
  0.500701718811070969124802020417542      
  0.500700735626742243766784667968750      
  0.500699757289742353741683107514621      
  0.500698781431837051566508358326251      
  0.500697808909783798755045388734440      
  0.500696818774335490480086070605876      
  0.500695851433071463058392206827800      
  0.500694886907216952015722012883582      
  0.500693925459987878634328657240088      
  0.500692976423072915931295392259358      
  0.500692010043383169487036394150876      
  0.500691055578565032317720610519935      
  0.500690105585567396616475969635094      
  0.500689157034991695923523201083219      
  0.500688210399987708245004926409040      
  0.500687266682723054179438838252315      
  0.500686304497832355842198411079302      
  0.500685366754459596854391241530224      
  0.500684430775018866922034591924949      
  0.500683497857635314760559415101680      
  0.500682567597724680030053577890838      
  0.500681639895742746437487959050808      
  0.500680713700010370382148286570673      
  0.500679791503929592456714107352972      
  0.500678870012052357196807861328125      
  0.500677951945701465313102298886269      
  0.500677035989340495418857883762669      
  0.500676122795999070249910135822579      
  0.500675190867406800590114130806730      
  0.500674283054712432791374894523364      
  0.500673377308406196134064787177629      
  0.500672473995821337971911334351405      
  0.500671573754633469731814100659245      
  0.500670675333237731791883108606300      
  0.500669778893511234359307722611861      
  0.500668885981327094366458133957255      
  0.500667994018644094467163085937500      
  0.500667104613347184880278240666091      
  0.500666218406819252971004932484728      
  0.500665341522779617493212777146622      
  0.500664451586907675158756165036472      
  0.500663550614552041947446911540252      
  0.500662673677893099251878324639860      
  0.500661798780525651916645004695756      
  0.500660926653723426576025567771891      
  0.500660056429602235202261581722456      
  0.500659188621610059942069806550678      
  0.500658322706067158734124844083648      
  0.500657459499596757447625708392286      
  0.500656598877573085565554517593484      
  0.500655739425702254575584571398990      
  0.500654892822776257602217929815155      
  0.500654028261271268907477276754753      
  0.500653175902741109998471733799503      
  0.500652303205545952854057153065999      
  0.500651455253922175834020805606916      
  0.500650610341599767471288705801035      
  0.500649766117725738755459915339251      
  0.500648925975423518548975336736966      
  0.500648087309854150897935322000323      
  0.500647250628032666229154404435663      
  0.500646416186955907652454991494456      
  0.500645583483346104237836660798063      
  0.500644753438820930598171828182815      
  0.500643925131705606351474869833507      
  0.500643098792473669612208747129232      
  0.500642275179807956402118389423077      
  0.500641451911701464240895953892746      
  0.500640609999820875847126211961517      
  0.500639792412934565528903732202367      
  0.500638977312055245345952559490593      
  0.500638165815650325292234967468651      
  0.500637352723852226524862624306715      
  0.500636543526540225161076197933212      
  0.500635736039544214603259478728783      
  0.500634931173371517008550568980711      
  0.500634127811829359093798866754846      
  0.500633326475214161327304189033364      
  0.500632527181284850218681373981514      
  0.500631730214893479665922186564076      
  0.500630935097332593400772632819880      
  0.500630141672701721296370404321443      
  0.500629326441394277478582295940150      
  0.500628537796537065820083713890468      
  0.500627750678619318513344403795132      
  0.500626965562284962555046224773154      
  0.500626182615960715338587760925293      
  0.500625401744316709919666380769156      
  0.500624622577862893033800576987706      
  0.500623845226499037457581326495369      
  0.500623070078453660678507676765100      
  0.500622296625580522954834173925175      
  0.500621525220059912198826337866393      
  0.500620755954106630298137073918642      
  0.500619987614849342568085925413830      
  0.500619221790244731458067451920291      
  0.500618457553885233255080234857253      
  0.500617695053776383914430103231446      
  0.500616910350549131118018051673626      
  0.500616152298139570897209101790725      
  0.500615395936647004445589145219883      
  0.500614641543814878156580076627205      
  0.500613889040216557024156346040614      
  0.500613138099022054613876809688647      
  0.500612389369301889592686025903977      
  0.500611652318650904374244885566907      
  0.500610896946419393870888686761623      
  0.500610153604271605011897023209120      
  0.500609411673202267745985601940294      
  0.500608671726466565056820541511619      
  0.500607933472583151775077708716531      
  0.500607197064991024407473477450284      
  0.500606462305307965590359223668281      
  0.500605729199521369700564438659594      
  0.500604972980043666374280256925574      
  0.500604244075722282413119142392001      
  0.500603516774353043860699757035956      
  0.500602791092843803544624044002896      
  0.500602067077964490566116112929124      
  0.500601345193846260800081140854779      
  0.500600624510435481294453572883880      
  0.500599906069483094943497709171501      
  0.500599188692104650670261474317341      
  0.500598473787466854106283244836003      
  0.500597759771359715441815323932074      
  0.500597048640063563106455024291847      
  0.500596337791094334707373664492653      
  0.500595629075569777298767416429009      
  0.500594922138578225272285117106313      
  0.500594216559500978157047982176286      
  0.500593512840414534530368461428095      
  0.500592784853321472568624823756472      
  0.500592084954895660386863329731826      
  0.500591386770697611844807053963437      
  0.500590689826667756896536305265607      
  0.500589995146416417280271280780698      
  0.500589301504797356970169964958640      
  0.500588609835490820760872613389119      
  0.500587919481839774779870476521237      
  0.500587230972980628399329056913101      
  0.500586543590990734882042056224385      
  0.500585858375160840519687585663377      
  0.500585174002650925001808416063540      
  0.500584491930386897006975171724584      
  0.500583811070838409078704727279556      
  0.500583131940996358919199187486358      
  0.500582454118574428003887797510901      
  0.500581778163922156675628945664108      
  0.500581103490893523751168129339019      
  0.500580430186223044456225557647740      
  0.500579732364039281728091063322844      
  0.500579062272186224171191970736994      
  0.500578394834372681709690402341495      
  0.500577728393205120351762782606149      
  0.500577063376968082744405016921083      
  0.500576400157585054190167074785134      
  0.500575737942855847978043830257723      
  0.500575077687775081047097522547270      
  0.500574418838235224947470043777326      
  0.500573761571830251645659526462271      
  0.500573105626985712032296292023473      
  0.500572451471617179257529122488839      
  0.500571798413862223358459124282071      
  0.500571146890804587843208791456581      
  0.500570496634138930495616243749110      
  0.500569848096463299516389258756844      
  0.500569200749106874520128423517401      
  0.500568555049449163113766171198833      
  0.500567910797068270561105810325432      
  0.500567267833980030273662148083593      
  0.500566599725975288390034464149993      
  0.500565959576722550190101235599841      
  0.500565321511340918309532492747425      
  0.500564684652095490472292550655739      
  0.500564049356218494542010195620425      
  0.500563415504506966193427653360957      
  0.500562783065408970532792337824789      
  0.500562151980990863809681902028093      
  0.500561522334791101815989199240646      
  0.500560894137100303026222835596305      
  0.500560267118974620063832942271393      
  0.500559642267876497194087705132682      
  0.500559017845002277421631983348301      
  0.500558395280425905051704500298303      
  0.500557774017624067503519206907277      
  0.500557154191717986137636246219758      
  0.500556535623424376050631205240885      
  0.500555918244986105441517888110433      
  0.500555302269659738186457733357296      
  0.500554687442033162808761512190269      
  0.500554073855782595290019448879546      
  0.500553434012452582957336257175846      
  0.500552823521257491235438298442243      
  0.500552215033786858061314154880444      
  0.500551607090921350447091762189823      
  0.500551000735399746658778426670792      
  0.500550398368971770281320089822287      
  0.500549792321030823380965432796206      
  0.500549190031929276556822291591711      
  0.500548588934554417514592115354172      
  0.500547989300239211686069647123308      
  0.500547390975963955368500589672985      
  0.500546793806454061030300423567993      
  0.500546198185038678713687243612408      
  0.500545603971474870941997353547539      
  0.500545010364247573148438927917148      
  0.500544418565012798037218010943869      
  0.500543827951170835769396522016660      
  0.500543238877959210029651699769523      
  0.500542651243883216368157582060875      
  0.500542064249269599780375823314056      
  0.500541478608911101882522170608108      
  0.500540894295665240377895775418045      
  0.500540310816594199583882781422768      
  0.500539700023840976365167519141888      
  0.500539119619915243819660724685061      
  0.500538540226332242450406474451865      
  0.500537962311874799006223422500168      
  0.500537385522910541666935441831662      
  0.500536809951148823398741367417772      
  0.500536235663975036565445730466659      
  0.500535662778414148379137171780999      
  0.500535091171319731789776402660924      
  0.500534520602661802203830812631320      
  0.500533951084012352327293932819163      
  0.500533383291911956664726249199198      
  0.500532816053600981831550598144531      
  0.500532250200159744805914689326514      
  0.500531685769196101434671195449343      
  0.500531122410148461196227897894850      
  0.500530560092232979328955634165618      
  0.500530000111930781886691138857887      
  0.500529439470594863054868282777814      
  0.500528880735513102164867687124637      
  0.500528323421238053134222070879071      
  0.500527766932982625586968955551485      
  0.500527212540373990410252621299342      
  0.500526658324945862987690794229758      
  0.500526105525131540826889647155249      
  0.500525524041587086189205974246623      
  0.500524973913644532237662709234146      
  0.500524424783475892081934744150851      
  0.500523876468821479373895972343668      
  0.500523329604428763673596995003919      
  0.500522782987334604116471674845463      
  0.500522239151803098766597393779735      
  0.500521695309362257830798625946045      
  0.500521153064529943540614799952036      
  0.500520611579748734119280460222843      
  0.500520071046918181863034130504446      
  0.500519533244689107250375866395309      
  0.500518994693827714018253464772911      
  0.500518457920437073238641332148518      
  0.500517922174041048693928131766255      
  0.500517387442677551187759588572605      
  0.500516854003249591656636650471249      
  0.500516321374698705279950014094717      
  0.500515790181435897838934319886071      
  0.500515259763775891605228063010384      
  0.500514730484725453748242338049204      
  0.500514202660859946842311099324628      
  0.500513676156839117025717710837340      
  0.500513149927428457885980606079102      
  0.500512625245561398100584531879718      
  0.500512101420973654234579979520146      
  0.500511578988879386324195744920678      
  0.500511027557528292646213453643176      
  0.500510507095087733533647325303819      
  0.500509987653412357306528965470262      
  0.500509469086562007635316431583005      
  0.500508951882730480434933329016213      
  0.500508435404396185717606907568607      
  0.500507919949953563314905998431161      
  0.500507405418157200078954571044674      
  0.500506892452734760065310397128827      
  0.500506380528538356957951498465543      
  0.500505869569388603923296687578914      
  0.500505359404495758437725417428734      
  0.500504850467193811651199094710812      
  0.500504342747208815206813908295569      
  0.500503835306147776798942918988541      
  0.500503329425376264294188226287688      
  0.500502824668779999137403495819214      
  0.500502320827118521827154436943643      
  0.500501817908023254486745249532268      
  0.500501315668668109435099619883555      
  0.500500814778381027281284332275391      
