  0.000000000000000000000000000000000E+0000
  0.875000000000000055511151231257827      
  0.722222235467698888318939983340291      
  0.656250000000000013877787807814457      
  0.620000009536743162952276975374843      
  0.597222225533591384120472393230254      
  0.581632664617227080577117297772410      
  0.570312499999999986122212192185543      
  0.561728404259976018172058805551690      
  0.555000002384185768533608751340580      
  0.549586785233710426658924254959195      
  0.545138889716731152764358133329855      
  0.541420128306693555668534127807316      
  0.538265309011449596557749178568234      
  0.535555566218164225134046318999026      
  0.533203124999999999132638262011596      
  0.531141877947794105452317126037087      
  0.529320989953882894202891801822059      
  0.527700833006248557955966828701907      
  0.526250000596046441092568102249061      
  0.524943320456545913484037142671652      
  0.523760332672063965570030674712143      
  0.522684307624577143498059343854671      
  0.521701389095849453123032724022323      
  0.520799999368190777992992934741778      
  0.519970416692058008838718007583478      
  0.519204391240664798200809281491241      
  0.518494898681433833162853933426309      
  0.517835908470837029979040732408474      
  0.517222224887874395861849426599595      
  0.516649315899294192533375280618202      
  0.516113281250000003469446951953614      
  0.515610659226460452036191944016812      
  0.515138410663419114598373399156331      
  0.514693887507428940849710638108913      
  0.514274691932915162983744019855850      
  0.513878742367616958676536488671961      
  0.513504155619983195316113899764332      
  0.513149254004434883905188094570640      
  0.512812500149011618599814710250939      
  0.512492563564425630191462978930803      
  0.512188211066517433312743940681295      
  0.511898324195760977773452133186935      
  0.511621901349834169110433998187401      
  0.511358034596031095960396347284889      
  0.511105859514839932391720892561036      
  0.510864644423093447009616105355177      
  0.510633680607295698854776004142290      
  0.510412330582880671703271957539982      
  0.510199999842047692000246428278842      
  0.509996165309111381582512729651438      
  0.509800296480706836523320537078409      
  0.509611964087844443030574381119327      
  0.509430727439795832006788725668348      
  0.509256198167308304409156056119007      
  0.509088010384644181621771608092786      
  0.508925825162515823032675069077669      
  0.508769321945295464929674365301817      
  0.508618212684119987919864660922277      
  0.508472222888635264533470821864588      
  0.508331090418105808809521160954125      
  0.508194587039339678060943033561935      
  0.508062494349445137089190301556603      
  0.507934570312500013877787807814457      
  0.507810660673845447348238548211332      
  0.507690543594493900808984797702227      
  0.507574070318886046780970489884797      
  0.507461073254090073583580867895815      
  0.507351396229400577365922102643893      
  0.507244900448285797868254652444518      
  0.507141438822552597461373332701499      
  0.507040895205451018365075708002918      
  0.506943139769968783293459151799223      
  0.506848063970282621516959452499983      
  0.506755556876129573257161453625486      
  0.506665512589206336032490291269201      
  0.506577837129661819522015568524735      
  0.506492441706236921011531946736393      
  0.506409229093795784960423878451049      
  0.506328125037252901765975898751293      
  0.506249047862358748182902372318663      
  0.506171921378911286590938956573066      
  0.506096675989308226419445697110887      
  0.506023243242819845133517731028405      
  0.505951566990065331643494312843626      
  0.505881557793126290329683640793466      
  0.505813184547280995023295565339982      
  0.505746384428367633127561108320368      
  0.505681101594432073616688709106522      
  0.505617286426785547990034628027287      
  0.505554894657256509644049425266710      
  0.505493856183057808392947766716064      
  0.505434153165854751487415032848946      
  0.505375735573858466769749375037904      
  0.505318560286984879400511077263721      
  0.505262586818490589808267517598258      
  0.505207769940750280508004780860748      
  0.505154103053883431249399322962522      
  0.505101520356420666825596073449974      
  0.505049999960511924110284631694867      
  0.504999512164898157812269749362402      
  0.504950021719434704586243805166265      
  0.504901498113519643745563066151360      
  0.504853920274022862710103445657786      
  0.504807266111310378774102409982745      
  0.504761481587998848766921886118875      
  0.504716568746935831105682906067686      
  0.504672496674763770310800308709847      
  0.504629240796696144611415787601908      
  0.504586776814554349081885155990015      
  0.504545084789102652626128390381980      
  0.504504145453303899109830297854882      
  0.504463934578449038407977281204127      
  0.504424438746769318930594807526085      
  0.504385630246146188675495357778761      
  0.504347502900116969501240300707164      
  0.504310039864888810442274102237280      
  0.504273197238826609266408373202266      
  0.504236998910938151580769759893424      
  0.504201389055492148483691069079290      
  0.504166382036380051115031421513194      
  0.504131952932395300950225968681591      
  0.504098089122897867464342834125084      
  0.504064775792092985136551521311191      
  0.504032001053571702159361578310381      
  0.503999750571488268481887582181697      
  0.503968007818452929218822854042134      
  0.503936767578124999132638262011596      
  0.503906015147769058110062401556559      
  0.503875742091538283746380374376136      
  0.503845929962727620705612888099831      
  0.503816575292562868983938004639786      
  0.503787665639111195423614743887376      
  0.503759189221512558969881658766153      
  0.503731139255547066483672576972005      
  0.503703503607640162004404773946554      
  0.503676275051171560955038520244149      
  0.503649443260248695436946775960363      
  0.503623000576195209640722816484143      
  0.503596939397785735137981290497424      
  0.503571248638922073782203551869398      
  0.503545923085919840562903760442937      
  0.503520954986174792977575616164017      
  0.503496334912473866744418792778464      
  0.503472055867225739824032737895573      
  0.503448113709615486286789560926173      
  0.503424499379820474593738426289467      
  0.503401205181759843167757056508587      
  0.503378226312494778378279199434676      
  0.503355555885699060935054941860282      
  0.503333187085364733958237953517208      
  0.503311114989406847011946474621992      
  0.503289343057497664562062519510491      
  0.503267835905792078611957070658907      
  0.503246617489625213654809656308346      
  0.503225674529123332683545283403831      
  0.503205000263033466399437391081069      
  0.503184585754461605022406827440792      
  0.503164432833824329794313933992753      
  0.503144531259313224633763356186122      
  0.503124879557790418883929754846264      
  0.503105471842132896568899205997970      
  0.503086303020360742133606631392625      
  0.503067370588630244974993041889719      
  0.503048669111643815888397291542567      
  0.503030193093712598883262607999146      
  0.503011940315498284560068234400287      
  0.502993906048800195960799250921844      
  0.502976086922218179136816631493539      
  0.502958479982810450746711132949559      
  0.502941076540412085658975204937174      
  0.502923877820374580765303265737098      
  0.502906878968338122268042153907599      
  0.502890077746015651283976994481355      
  0.502873469560365287741548241078655      
  0.502857050652546452519172383425912      
  0.502840817769187748671062091721339      
  0.502824769780630491371686206172606      
  0.502808901638260908559725479054094      
  0.502793210495585277134434713334580      
  0.502777694978502415048414123697944      
  0.502762350037940500108069834845586      
  0.502747169910402849842809508327282      
  0.502732159697938365603679606477188      
  0.502717310850031625737350444355828      
  0.502702624312969064360500069382347      
  0.502688095026137306287091475152001      
  0.502673721127507171946217646317010      
  0.502659501355929924577021631355437      
  0.502645429545430433832195325406569      
  0.502631507070475670513464272412700      
  0.502617730037955979479840096698270      
  0.502604096512324932239320508733049      
  0.502590602279002000595083565187045      
  0.502577261745337005159439395895741      
  0.502564035967552490673400859748054      
  0.502550953474142387262487702366423      
  0.502538006351731429223146273666988      
  0.502525188530608567877010210665604      
  0.502512499990127983681698076168232      
  0.502499938082699691234146714725711      
  0.502487501803600786759506641122036      
  0.502475186814046779546704851929133      
  0.502462995625937106388138292934138      
  0.502450922306456395321981905233426      
  0.502438966761389619943726452126470      
  0.502427127413465060503317906333052      
  0.502415403145428789981837537103305      
  0.502403791181313143316420758661402      
  0.502392292718303784157794051033025      
  0.502380898906892519851997434325684      
  0.502369615680018579973062260069369      
  0.502358437613240363924078250915458      
  0.502347366485799378527663725047085      
  0.502336397654401605943193275327382      
  0.502325531576098350912702676600245      
  0.502314765656502976903355389206820      
  0.502304099189999723342971810049901      
  0.502293529833732479173002819521020      
  0.502283057840002222542020373439377      
  0.502272690671024968516434638078093      
  0.502262397323401786536012720091677      
  0.502252206933509559321853189563389      
  0.502242107791897404913234994764234      
  0.502232099378513702183892933008893      
  0.502222178334877745598460115797507      
  0.502212346744395741946947017049551      
  0.502202600914762501328984862546927      
  0.502192939719230447503999875849921      
  0.502183364083275677298194270848774      
  0.502173872231154392224189022580640      
  0.502164461931925767106552539503198      
  0.502155132699628741402262988882712      
  0.502145886034598271657544912635820      
  0.502136713880362581865337226058776      
  0.502127621343604957320492100776224      
  0.502118605809476023552454932471962      
  0.502109669895801764093517102923790      
  0.502100803266604655550912075847926      
  0.502092013930539703339452535975814      
  0.502083307367340734179136987188863      
  0.502074653360334682128562670420579      
  0.502066080978481827337095456194196      
  0.502057578397033253656797601190302      
  0.502049146574200043238195629993702      
  0.502040782443326099831817357210716      
  0.502032486927573627234008048624762      
  0.502024258464152278042070426568356      
  0.502016096536413010934024848545592      
  0.502008000263392926209443656304643      
  0.501999975735209381585286136972891      
  0.501992001134935560337004364696675      
  0.501984096498802788532456626021580      
  0.501976253923117169298920489290244      
  0.501968483637340913117599502227534      
  0.501960754394531250867361737988404      
  0.501953085533392226130912442358055      
  0.501945496035004280460029637573331      
  0.501937955442916368210638601389341      
  0.501930473984423033369106423520542      
  0.501923047845839449545408509258812      
  0.501915680963964348353209882595562      
  0.501908369949242745325872380555591      
  0.501901113520110413540519208900034      
  0.501893914280178794277897097767548      
  0.501886766033837947482446646758391      
  0.501879673027452985699950627706476      
  0.501872633126273661219476648856704      
  0.501865648111810278068243545091790      
  0.501858710739812692267360843483775      
  0.501851826368456456909196515174014      
  0.501844993548968865747697869614415      
  0.501838220532024190069638478741430      
  0.501831477521916977370995206673014      
  0.501824792999903524920446429291587      
  0.501818157916511449494963038935711      
  0.501811569848641913812042401872817      
  0.501805030719588373463669871653173      
  0.501798538012110309806443332369315      
  0.501792091992303577158957502067439      
  0.501785691354779823299948236362532      
  0.501779336982425554969215712346759      
  0.501773027688816322923875289700220      
  0.501766762461620806496920629171009      
  0.501760541864700341034700297221480      
  0.501754364620669571214796623713795      
  0.501748230761444706619790595539341      
  0.501742139283674021536928841634594      
  0.501736090270987324853838711587851      
  0.501730082932323678098455579453769      
  0.501724116580287593700531449932017      
  0.501718192810965515450384873796036      
  0.501712309184094043013557679216143      
  0.501706464981009540355187679709249      
  0.501700660443038852792463920232198      
  0.501694895890034557421610639238452      
  0.501689169219847586757066264712228      
  0.501683482752620340477609491377710      
  0.501677833933938805803752802981260      
  0.501672222304758097906456545030570      
  0.501666647805066974523654178512117      
  0.501661111340877607366519825216570      
  0.501655611722276058764101845833684      
  0.501650147168404341814050945596844      
  0.501644719130990567069185774061389      
  0.501639329228426703574820171134495      
  0.501633969010640615116693016841528      
  0.501628647288136331021672523308611      
  0.501623359691709857918063780393765      
  0.501618105985309528828442274340388      
  0.501612886256328891265643078035610      
  0.501607700683562883834386363471407      
  0.501602547756416016632156751579743      
  0.501597428409707411136125235401505      
  0.501592350588249345931678312303524      
  0.501587285679121730735958643636945      
  0.501582261632964924379733660153965      
  0.501577271730468660538513026165604      
  0.501572311076591473530368868769772      
  0.501567382814828307032578840612969      
  0.501562484687858746930792887858909      
  0.501557617404975551742570382550570      
  0.501552780141383755507168184488358      
  0.501547972898804829479375724216382      
  0.501543195647406861401083141197651      
  0.501538446920734356720555072871408      
  0.501533728292074224471736677610506      
  0.501529037769108784171180225752988      
  0.501524376038993420109789368424740      
  0.501519743035486716653463492711320      
  0.501515137711169837573402300179393      
  0.501510560321620920434172980932457      
  0.501506010364212607119316972909612      
  0.501501488072886550415857299077873      
  0.501496992942064463145999849387666      
  0.501492524131247669039415153026594      
  0.501488082492918495274274092749181      
  0.501483666700968745305567091598213      
  0.501479276815814222824930427541522      
  0.501474914113349670802286952967443      
  0.501470575465535416125421683500429      
  0.501466263287149805008772977477408      
  0.501461978523017821573356373897848      
  0.501457713641140163184508105828823      
  0.501453475863143654610570371340951      
  0.501449263094685686270378128805492      
  0.501445075020846921057252382635304      
  0.501440910241101614080085962618873      
  0.501436769484457536773191873284455      
  0.501432653104377036180211435478782      
  0.501428561015139929012439517656968      
  0.501424489935863886082530593089259      
  0.501420442822860142003542463719177      
  0.501416419131562473998737038386520      
  0.501412418087424503323008222716419      
  0.501408439636168859044055078331996      
  0.501404493285177040654388025471302      
  0.501400549431911596179670120854155      
  0.501396637894653132611934781822392      
  0.501392747068340762105363871291451      
  0.501388878489213597624082581279394      
  0.501385031479432233105172159964202      
  0.501381205322439896931334979393537      
  0.501377400696298311300486047573008      
  0.501373615059208178631128489088300      
  0.501369852586890331129591741169835      
  0.501366110697428145779876287766253      
  0.501362387750571548121822257217178      
  0.501358685374641394451251440964595      
  0.501355003388183582068989420778695      
  0.501351341481159879837469026112885      
  0.501347699088994953191955561064196      
  0.501344076537045869790952032459965      
  0.501340472954395289178043322119024      
  0.501336889121022489675348158636818      
  0.501333323898898069831434910788688      
  0.501329778350794485619030957180792      
  0.501326251000358143223214065758028      
  0.501322742863786880371154748485976      
  0.501319252123199712993079372356114      
  0.501315780213759637170295373901576      
  0.501312327029399019852987052484599      
  0.501308891482766835426823760453249      
  0.501305474176155660152010166396204      
  0.501302074625504435498935046283747      
  0.501298692521863616191896701114569      
  0.501295328177948471184865864903639      
  0.501291980466657717345553328740985      
  0.501288651650615455285988179923533      
  0.501285341077359892305492854561249      
  0.501282043202724953107721795542747      
  0.501278764093928939324566793917300      
  0.501275501782132518943415760628228      
  0.501272256135033058379119264408674      
  0.501269027456674624164629445968768      
  0.501265814719245989509277847437671      
  0.501262618353882241999509035560218      
  0.501259437836169729916578598100972      
  0.501256273487240076033467962276299      
  0.501253124997531995243882363411103      
  0.501249992316044159334473681955329      
  0.501246875067938604100667819028721      
  0.501243773343134311894896949851770      
  0.501240687332088312683905667434520      
  0.501237616370236332434694325065215      
  0.501234560250309723830191437606244      
  0.501231519067980612239252200682180      
  0.501228494004523493189999723361118      
  0.501225483018985473113341213275908      
  0.501222486674175073712513920532720      
  0.501219505168261127271011681254315      
  0.501216537806852259544335876184424      
  0.501213584990326308202199386963742      
  0.501210646587665782558858740752575      
  0.501207723280374111285729959261281      
  0.501204812324818736429251292098839      
  0.501201916383912988919917493684833      
  0.501199033919730200330324242305311      
  0.501196165273891180379727735791514      
  0.501193311274814041364279924652335      
  0.501190469432534863972994902737129      
  0.501187641788334504927584740085822      
  0.501184827543800563466684791023640      
  0.501182026561514079543658252922215      
  0.501179238981457111999844115689986      
  0.501176463863403986828290878423546      
  0.501173702019710854520007586826304      
  0.501170953770982554810962457197705      
  0.501168218004199610143135223262056      
  0.501165494762437611018075616810167      
  0.501162784227744719262622787607043      
  0.501160086597728291439910500057361      
  0.501157401386345587672653909283377      
  0.501154728280485191309389051565627      
  0.501152067421658033044275381351734      
  0.501149419292912775008711482448727      
  0.501146782336539070927342203700941      
  0.501144158714140882301811520906018      
  0.501141546132704832898441450298260      
  0.501138946278182374165253608712011      
  0.501136357867819371326523845401649      
  0.501133783527484747650718792997984      
  0.501131216102523129856493843270070      
  0.501128662393913510725593168876285      
  0.501126120458225937991368641505278      
  0.501123589849969318121451897455337      
  0.501121070291191924523305049499697      
  0.501118562662260065263301282018071      
  0.501116066094392074833527659935889      
  0.501113580400183978378976666788623      
  0.501111105767660505859350997142830      
  0.501108641928852179870867104605007      
  0.501106189024194483562033369327722      
  0.501103747479050477203222829902942      
  0.501101326212593303891878111304887      
  0.501098895842725714233705251074874      
  0.501096485841423591369472788508184      
  0.501094086458191891509168144187453      
  0.501091698878732742870326650355907      
  0.501089319281688484999190353499558      
  0.501086951710249785440276985947738      
  0.501084593598914138424993618395535      
  0.501082245801758433062471135195100      
  0.501079908586429723441058037280982      
  0.501077580873361607866798952571383      
  0.501075263861602464207914706129909      
  0.501072955663772801583280290916458      
  0.501070659542837601152585179613962      
  0.501068371122504218799049952428395      
  0.501066093363707666571303154104223      
  0.501063825039955594470433376174562      
  0.501061566352850391862388937145462      
  0.501059317999453265643413996756500      
  0.501057077612706557956420061285234      
  0.501054848675563972818433757326847      
  0.501052627557984056030372993075615      
  0.501050415639133385444687472319455      
  0.501048213368952418413802591473487      
  0.501046018055513375336871372636096      
  0.501043836815968259286555204490288      
  0.501041662166289698760195140835065      
  0.501039499041005308480487231946742      
  0.501037340129208305510296776140844      
  0.501035192265703505544848214818050      
  0.501033053047236822000252131837607      
  0.501030923536801525489401951290259      
  0.501028802241386598233285659003411      
  0.501026689681225526760012978040388      
  0.501024585399072849064245044530068      
  0.501022490725182664012383476965920      
  0.501020404034208778338020275036064      
  0.501018325692132339031775824290463      
  0.501016255808825826878194768576264      
  0.501014194606387331381085074838096      
  0.501012141899664800928406357035290      
  0.501010096874102585639549864706605      
  0.501008059499363721065907020907974      
  0.501006032166231766600757721028483      
  0.501004012458132377868294343358600      
  0.501002000065848230547088659747601      
  0.500999995896509556183530229361168      
  0.500998001901929835582162304880713      
  0.500996012137337718225749337770882      
  0.500994032029765635575616992506790      
  0.500992059766256219845654334482061      
  0.500990095270945756905043030245968      
  0.500988138536534686431756571301152      
  0.500986189465031260604143373217295      
  0.500984247886024685959075939723790      
  0.500982316987766601299515956778036      
  0.500980387935710449591190024843649      
  0.500978469848632798622212192185543      
  0.500976559254000970897867278631433      
  0.500974652706305254786888898353719      
  0.500972759142644104329313324981647      
  0.500970870132782078192206045635108      
  0.500968988680327793548399372366390      
  0.500967114343354575396897152338691      
  0.500965247292558856611641647064123      
  0.500963387726874987407641960966377      
  0.500961534541466588786252088816639      
  0.500959689164524996453567541317052      
  0.500957850762473273274978782612861      
  0.500956019477632308478900977099051      
  0.500954195406889362158094796975033      
  0.500952377658413348659335187084449      
  0.500950567039250582354342297460334      
  0.500948763228512452197703034665703      
  0.500946965894532160207759393229240      
  0.500945176683252245837477490063216      
  0.500943392272562528065067702203238      
  0.500941616320489562319034664779161      
  0.500939845938348989953352857585373      
  0.500938083050870738267308349851511      
  0.500936326337487732105766666231434      
  0.500934576192016176708052939518283      
  0.500932833162293048333923560709366      
  0.500931096042822457472560884533622      
  0.500929364780040981584285533371826      
  0.500927640647916136009725355824916      
  0.500925923648287449943864291727750      
  0.500924211204660239399299803809363      
  0.500922506381757348694711073747355      
  0.500920807210771627840096757681415      
  0.500919114554382584614055518838988      
  0.500917430590881505338061671039570      
  0.500915747746308201307764526867684      
  0.500914073760041285041270552017143      
  0.500912405525977905359987854929138      
  0.500910743704521336084662335769673      
  0.500909087884738387201948066650468      
  0.500907438029852499742209988248978      
  0.500905794035145531537168955988486      
  0.500904156000066616399981731939052      
  0.500902524162626588032672341159706      
  0.500900897967666877734749731496102      
  0.500899277525304469721453498369287      
  0.500897663176862702759742452413196      
  0.500896054235767665095210020196690      
  0.500894451569504465682299803359306      
  0.500892854268863587537723690629464      
  0.500891262696346200691727679673633      
  0.500889677256541376196027824887527      
  0.500888096656953906144848448253308      
  0.500886521860951310617297149129253      
  0.500884953035278285398677874106351      
  0.500883389690127683965896056943706      
  0.500881831460475623790278220393638      
  0.500880279488874666185110406302389      
  0.500878731957403154757723683891606      
  0.500877190688302112822196472113121      
  0.500875654092230329944350010949263      
  0.500874123358090663945344105355614      
  0.500872597760047587480268322694923      
  0.500871077330471041885970197365227      
  0.500869562598696284983319054327006      
  0.500868052816881697906241947472797      
  0.500866548519303924018556427623252      
  0.500865049127486139958773656466684      
  0.500863555215839540135384012658462      
  0.500862066335334716961545455303297      
  0.500860582409676708777881538065495      
  0.500859103834346125294181107357210      
  0.500857630394522200653790416799161      
  0.500856171803796170838290644633137      
  0.500854698456433067397823733807297      
  0.500853239836744109017656738802253      
  0.500851786313279595836703449240361      
  0.500850337723352105344793590760239      
  0.500848893924319034943138723253437      
  0.500847455096762613738791998012315      
  0.500846021269805936473953112453895      
  0.500844592015351965731681951415010      
  0.500843167725837317594621642994155      
  0.500841758400900241086465227918627      
  0.500840333775403407194288133080300      
  0.500838923789436569332924657550575      
  0.500837518684153598553794349199745      
  0.500836117801570414326430630864580      
  0.500834722242856191581659881332615      
  0.500833323587949186681129534134133      
  0.500831944343293322473390568026380      
  0.500830562340167617673546750874547      
  0.500829185119987613983308280228338      
  0.500827812356586190566350926976780      
  0.500826444184694427653794490893379      
  0.500825080115995006111533143043413      
  0.500823721002627401465533182330446      
  0.500822365950829951788507261655329      
  0.500821015848321411755034581028644      
  0.500819669686164776698352737146133      
  0.500818329039132820128156389173118      
  0.500816991763903737382925021515888      
  0.500815658376438655477057171411411      
  0.500814330104113775670156317163301      
  0.500813005977878238820286560096117      
  0.500811685997984056586193192562183      
  0.500810370667264034293889878938340      
  0.500809059395247804877113451349509      
  0.500807752302778995388032028247513      
  0.500806449537667355116917369830617      
  0.500805150824532384043758756466637      
  0.500803856459318287450891041254721      
  0.500802566196531743626406274269783      
  0.500801280797333728862438806395119      
  0.500799997961468221740199081890527      
  0.500798720061451993652015693241905      
  0.500797446274401375156441022121608      
  0.500796176166151227765435314310164      
  0.500794913043887734263791079923424      
  0.500793648879960213742947114099824      
  0.500792391040033596815505264111127      
  0.500791137441725371953190140006314      
  0.500789887174802744314393036403277      
  0.500788641389542750987047864877989      
  0.500787399693623455040138384275553      
  0.500786161708882655879908164577647      
  0.500784927298928432532396754618726      
  0.500783697118899297633916603386581      
  0.500782470703707076917048091058149      
  0.500781246611170242530271646557639      
  0.500780029271653160337049106995534      
  0.500778814275156628187827787666237      
  0.500777603109007862961289230293879      
  0.500776395603085816666636435341224      
  0.500775191939370706913951712658417      
  0.500773991745249929663978504961756      
  0.500772795693837009666645128946060      
  0.500771602834686019462601202320509      
  0.500770414296467099818871106562914      
  0.500769229084338049117029807093053      
  0.500768047313005675757811864804511      
  0.500766869200588148684444474953815      
  0.500765695069960452298895461577904      
  0.500764524289375088394263312401266      
  0.500763357003252805714602509491966      
  0.500762193367892772021810568130219      
  0.500761033219474798305422650007887      
  0.500759876270101510094946177686746      
  0.500758723637659561444018387024314      
  0.500757573854873777949066916850097      
  0.500756427932324181330467077235238      
  0.500755295234623794494548801586984      
  0.500754146104501615341126480318579      
  0.500753010132035339994469161675144      
  0.500751877966428526582498425989565      
  0.500750749287587801789986261126391      
  0.500749623515227624869948734124662      
  0.500748501140977452264170602791399      
  0.500747382563874325306803542394585      
  0.500746267032037747487259015642270      
  0.500745154842335726812704441686320      
  0.500744036055702153177083843871974      
  0.500742940504535262194873467191670      
  0.500741838151500630688504940631108      
  0.500740739160449287334787814928746      
  0.500739643539890747324035671256787      
  0.500738550767375384315752066686576      
  0.500737461197246202196863867946795      
  0.500736375587160947077897080998204      
  0.500735292628698811523925241669082      
  0.500734212781339865965047324215495      
  0.500733136316426741981368647626508      
  0.500732062897810843206448849319216      
  0.500730992523727347656161536308815      
  0.500729926117634922409956044209167      
  0.500728860414119770102578283339206      
  0.500727800503308296470457967616776      
  0.500726742664444904676414725183534      
  0.500725687806365623755459088164786      
  0.500724636122360285515368857708554      
  0.500723587449972000024363412645874      
  0.500722541825234737685208468189717      
  0.500721499302762162624081907728320      
  0.500720459736518650719888326150704      
  0.500719422962574254602564462249940      
  0.500718388481220486829157350920107      
  0.500717358560226131874370006043300      
  0.500716330961650574250494011558978      
  0.500715306133237115128179821134578      
  0.500714284455738775259495053263996      
  0.500713265609910338661408793943223      
  0.500712249375694528652707423207199      
  0.500711236120329607662500385718462      
  0.500710226032613290102070651044996      
  0.500709218354440248073280789454557      
  0.500708214294753229809698938713242      
  0.500707212127523386993575598159833      
  0.500706213150450635810814810541790      
  0.500705217197912462454955608660552      
  0.500704223290474519152899194340650      
  0.500703233504547835735325392408101      
  0.500702245919669828662102180017712      
  0.500701263377316668997199659078247      
  0.500700278784808277342837618567013      
  0.500699299369151083011480378068626      
  0.500698322697913001407903555565935      
  0.500697348888705066329757850129288      
  0.500696377686732069010291776224186      
  0.500695408989307413123516441362989      
  0.500694442825422621399026261086226      
  0.500693480010115033599778949149487      
  0.500692529387375002261350363449508      
  0.500691561737261373332389672044441      
  0.500690605364094060117398700931066      
  0.500689653947689863742214029705671      
  0.500688704120869024705049906104253      
  0.500687756767481173301826209358707      
  0.500686811999366794245830901652323      
  0.500685869518226702585014854929150      
  0.500684930466421056031525730811685      
  0.500683993201367391530010785726143      
  0.500683058862450216761363287093326      
  0.500682127129397908166869463170565      
  0.500681197896555463847424728980993      
  0.500680270850686365198519780518171      
  0.500679347264260655159373381258954      
  0.500678424731194223534339395490629      
  0.500677505409178463096786200017491      
  0.500676588684883733454128526627133      
  0.500675674557232824991702838712740      
  0.500674762594009646632849067569021      
  0.500673853597478461936768130636907      
  0.500672946277625082189320328110050      
  0.500672041516530228188013262581916      
  0.500671139777693102656552714611365      
  0.500670240350808882804064281985161      
  0.500669342837529303854201918866303      
  0.500668448460567959434969758098322      
  0.500667555613588955140680347710713      
  0.500666665075482770807812612890108      
  0.500665777783235155807057660330794      
  0.500664899885126635736121686068408      
  0.500664009574436022377282603780667      
  0.500663129012932221178596093211056      
  0.500662250580777366555301788154952      
  0.500661374348898099872748738454853      
  0.500660501019376799063946892595597      
  0.500659629580103424176497180872963      
  0.500658760399220981254754489048490      
  0.500657893642231853614411999739657      
  0.500657029042941221728130473493748      
  0.500656167256276534806767040157811      
  0.500655306888239808163639816300306      
  0.500654459077497430595724693297469      
  0.500653593627871865801147871850997      
  0.500652740805923935237120548552490      
  0.500651889377372248726242679831936      
  0.500651040043156143129231837349417      
  0.500650193981051433805761183029856      
  0.500649348465603582856403553408006      
  0.500648507327357095919887297953289      
  0.500647667280971160816393824062237      
  0.500646829460507789628320388822197      
  0.500645993775945703655252949637600      
  0.500645160065118037644727526412525      
  0.500644328973659148158862929990398      
  0.500643499673579313968611684720771      
  0.500642672332538569701130984335582      
  0.500641848089852792659837864250814      
  0.500641024501281062421607632194138      
  0.500640203895310394014862281780632      
  0.500639385077339398870190946358779      
  0.500638568574502642632360922003936      
  0.500637755927398647762640978218116      
  0.500636941603293944107983702690403      
  0.500636131258654242474253845686053      
  0.500635322917006995942294898361007      
  0.500634516872924323368214681565039      
  0.500633712560371187873648925913111      
  0.500632910279208313419707474848707      
  0.500632110245468063270985896549430      
  0.500631312115651838972356776653790      
  0.500630516049427738872822668005259      
  0.500629722033746504686125997406190      
  0.500628929810801228888448783848784      
  0.500628139732593551758838256153449      
  0.500627351579830069724964466089991      
  0.500626565325183828314436359200786      
  0.500625781249382998981190331933000      
  0.500624999039648918713871234681948      
  0.500624218777265404061555405561175      
  0.500623440315789752000792458890133      
  0.500622664040616491891579085856364      
  0.500621889573680899112413578282669      
  0.500621117033054050222512757845130      
  0.500620346659128621389751284572815      
  0.500619577773616137833744109697399      
  0.500618810865447206892703821443438      
  0.500618046067867724674930144338439      
  0.500617283292119339500737446631423      
  0.500616521835976445390316920683275      
  0.500615762566905516544776853449444      
  0.500615005074120460261840132646178      
  0.500614249510501634447982897517313      
  0.500613496050150480892439923707569      
  0.500612743908205084810313730609305      
  0.500611994226629008878121588515014      
  0.500611255969068633556545724572220      
  0.500610499717324256744432626861708      
  0.500609755502828684364243130351696      
  0.500609012545106644721701892634619      
  0.500608271698766801333795864691999      
  0.500607532509965492700018822586234      
  0.500606795217084832731745913322296      
  0.500606059685838235598675611094476      
  0.500605325904493870139274277275366      
  0.500604594014066203938261523242156      
  0.500603863797919721549218134745924      
  0.500603135639370635931735552577476      
  0.500602408804488364394190479016733      
  0.500601683850435453242693112656995      
  0.500600960866876198611201890990540      
  0.500600239287824769326392580454352      
  0.500599519714159826241410181839223      
  0.500598801542133506895359661739483      
  0.500598085466333994587293662315179      
  0.500597370674081386831845526547716      
  0.500596658492284963438844559013613      
  0.500595946866322558344493084694254      
  0.500595237316615392863530332574622      
  0.500594529472147967546549646154079      
  0.500593823142914417144589818103787      
  0.500593118977889313095525645597094      
  0.500592416372302593548467953379029      
  0.500591715160181818413258013157963      
  0.500591015932281982518185130657938      
  0.500590317961133236957055875663313      
  0.500589621978913050915132479088329      
  0.500588927392423101624782584807103      
  0.500588234560086020157581009808697      
  0.500587543195897945392703988819800      
  0.500586853976543746388963886229002      
  0.500586165551766120800917736150593      
  0.500585479454376673349750727984714      
  0.500584794517511993746666589639498      
  0.500584111433162906541246452966813      
  0.500583429792425193831971386237900      
  0.500582749892211607599464760265772      
  0.500582071365028007193379781125148      
  0.500581394683386000840429609216687      
  0.500580719258792327430865773209885      
  0.500580045551465609481347979147707      
  0.500579373501283924823010394090979      
  0.500578702465115478309949704292009      
  0.500578033949357758947393492112361      
  0.500577366451634844955965869059382      
  0.500576700503301020497763568334556      
  0.500576036236461294319407789803048      
  0.500575373177253588326039824368499      
  0.500574711942762599103853852067507      
  0.500574052070934616041079697140675      
  0.500573393798191304130954100151442      
  0.500572736774066117434404062063465      
  0.500572081671488528878251135699275      
  0.500571427806389102061920876776236      
  0.500570775472149620788401038997780      
  0.500570124574178486081519971431691      
  0.500569475305180948347364085211068      
  0.500568827478636502589347225356985      
  0.500568181106552885254194540313451      
  0.500567536178972983866681831314978      
  0.500566892789611540840571461948205      
  0.500566251311735440753271634509358      
  0.500565610084589181189822360070193      
  0.500564971068520172965689475169897      
  0.500564333265409811918493340939008      
  0.500563697130009909782135964305493      
  0.500563062250750393055921586189424      
  0.500562428990960978969524497336919      
  0.500561796956620584286221020524739      
  0.500561166520788293384143685386526      
  0.500560537513318828033681145828229      
  0.500559909630963529502129941132462      
  0.500559283859811767193481750711204      
  0.500558658522707873523782995593491      
  0.500558035029724937791170827495737      
  0.500557412960123631667346632073232      
  0.500556792225246946525570555604152      
  0.500556172877823773597911333199661      
  0.500555554846051952445459634532570      
  0.500554938304442843065539422315643      
  0.500554323012383868484865855148652      
  0.500553709154779416803607528160248      
  0.500553096696264062535966126939049      
  0.500552485445894095418990467408125      
  0.500551876070959658928399183145752      
  0.500551267266238390307111597045135      
  0.500550660077206952278697667013234      
  0.500550056827873601018262608627987      
  0.500549449875273743065751351279968      
  0.500548846767698972050017329653025      
  0.500548244823510466418592227509608      
  0.500547644436285875825301405372836      
  0.500547045300153719848376369222225      
  0.500546447378740112635878409192330      
  0.500545850909031308530124745896507      
  0.500545255874367282785651707413791      
  0.500544661621233152580547411369804      
  0.500544068950856904814005329082767      
  0.500543477525905701166466378446142      
  0.500542887602182836892270961938187      
  0.500542299074416240825813930417142      
  0.500541711170291305399235922176434      
  0.500541124856365345649740746221664      
  0.500540539852167469788691196182760      
  0.500539956163258951534337051761599      
  0.500539373698331568889204317568398      
  0.500538792559702117013193055793229      
  0.500538212422641477158340400703555      
  0.500537633835367567658711316217762      
  0.500537056308748255819640830946616      
  0.500536480022297886958914839161029      
  0.500535904868833992731848128251535      
  0.500535331123126252532950603637005      
  0.500534758902803416984854259473439      
  0.500534187467966574212243293172483      
  0.500533617300881918205225660952436      
  0.500533048563881703564348103581441      
  0.500532480787735427347790560408675      
  0.500531914309598693886709426005370      
  0.500531349041305247208176312229970      
  0.500530785079006411348178217341903      
  0.500530222096687173760148186000895      
  0.500529661499557912268707525860788      
  0.500529100112971139128841557888498      
  0.500528540521467029058763742806792      
  0.500527982483345415508847897365566      
  0.500527425300114565633001947936069      
  0.500526870063627834990773778882294      
  0.500526315121040376859845874716941      
  0.500525761931512820664911310558118      
  0.500525209250373031728210946539518      
  0.500524658417120872870062832496666      
  0.500524108552169890312803031036360      
  0.500523559618388732465974616525628      
  0.500523012115017243869311064207100      
  0.500522464847907571213720367673929      
  0.500521920519247765025555151305519      
  0.500521375870658731628799999307152      
  0.500520832900010911546028262137427      
  0.500520290801447684492502568636455      
  0.500519749420420361711517739169481      
  0.500519210859836389111329233445934      
  0.500518671769268550600686369102305      
  0.500518134204144725538758309957748      
  0.500517597784365792915528335578945      
  0.500517062529235793476133629242669      
  0.500516528313811490427807844828077      
  0.500515995220572091841592952167469      
  0.500515463325422627924837095747900      
  0.500514932530290916734368332639980      
  0.500514402726500524390498168843756      
  0.500513874071640284005372485256653      
  0.500513346890768159998626505815021      
  0.500512819961289988058089258658120      
  0.500512294519990480657032601812730      
  0.500511770071649603046238486813042      
  0.500511246962354989195402394143290      
  0.500510724722111992547205324858136      
  0.500510203523185938182790985600088      
  0.500509683493277244381690239364103      
  0.500509164244639095236172307136086      
  0.500508646463683490750759191811158      
  0.500508129463525245707591594182187      
  0.500507613647946821788886051755178      
  0.500507098711638238245541743501909      
  0.500506585088843796386076892748279      
  0.500506072407149600127367888234650      
  0.500505560727441453099918194868384      
  0.500505049937674705152156487064316      
  0.500504540347557902802633793763519      
  0.500504031979496243256799569090852      
  0.500503523929166886438927049462586      
  0.500503017501338550000568477474207      
  0.500502512057622198850729213511843      
  0.500502007673292640904588865883929      
  0.500501504116537102561107369391212      
  0.500501001428223258436314932704145      
  0.500500500016462057725893583515209      
